0.199154228
0.293708332
0.359011963
0.414341343
0.45773017
0.499334868
0.536736074
0.572902207
0.60618216
0.637131317
0.667006065
0.694131946
0.720651539
0.746752926
0.772808085
0.798661164
0.823241173
0.841528392
0.857080504
0.871409668
0.885233607
0.898534881
0.90984568
0.920662798
0.928547439
0.935550781
0.940617084
0.945678999
0.950540491
0.955272517
0.959238088
0.962412538
0.965298364
0.967709413
0.970000301
0.971778408
0.973335635
0.97488834
0.976420125
0.977907862
0.979373063
0.9808291
0.981982268
0.983087229
0.984113963
0.985136895
0.986159334
0.987041695
0.987866693
0.988653382
0.989368452
0.990037593
0.990596162
0.990977101
0.991313817
0.991637576
0.991954112
0.992259484
0.992559207
0.992826959
0.993094184
0.993349385
0.993597587
0.993829565
0.994061191
0.994291051
0.994495417
0.994698851
0.994886372
0.995066282
0.995245706
0.995417872
0.995584977
0.995745504
0.995895438
0.996045023
0.996190225
0.996332726
0.996469365
0.996602778
0.996731619
0.996857644
0.99698203
0.997106151
0.997224119
0.997341693
0.99745697
0.997559179
0.997649858
0.997737534
0.997822727
0.9979074
0.997989027
0.998070321
0.9981491
0.99822328
0.998296344
0.998365833
0.998431575
0.998496569
0.998559176
0.998615359
0.998668407
0.998719563
0.998769757
0.998819805
0.99886812
0.998915503
0.998960025
0.999004096
0.999048072
0.999090709
0.999132778
0.999172521
0.999211949
0.999249803
0.99928431
0.999318413
0.999352377
0.999386109
0.999419575
0.99945183
0.999483942
0.999513013
0.999541613
0.999569731
0.999597687
0.99962347
0.999647327
0.999671068
0.999694668
0.999716082
0.999735758
0.999753506
0.99976803
0.999782075
0.999795035
0.999807049
0.999818733
0.99983016
0.999841079
0.999851946
0.999862601
0.999872333
0.999881783
0.999890933
0.999899816
0.999907477
0.999914375
0.999920709
0.99992664
0.999932507
0.999938002
0.999943018
0.999947708
0.999951921
0.999956106
0.999960267
0.999964346
0.999968008
0.999971669
0.999974742
0.999977485
0.999980207
0.999982741
0.999985122
0.999986904
0.999988298
0.99998966
0.999990942
0.999992211
0.999993393
0.999994449
0.999995432
0.999996338
0.999997012
0.999997462
0.999997885
0.999998241
0.999998582
0.999998917
0.999999241
0.999999506
0.999999715
0.999999881
0.999999924
0.999999966
0.999999989
1
0.232152909
0.402075066
0.461046684
0.515119003
0.554659352
0.590570863
0.626063513
0.659111879
0.687666434
0.714013943
0.740137853
0.757137063
0.77203507
0.78118202
0.790102326
0.798670725
0.806687648
0.814455207
0.822205008
0.829852969
0.837308253
0.844347727
0.851277926
0.857989484
0.864494242
0.87095763
0.876904326
0.88244233
0.887782034
0.892962861
0.897848433
0.902413217
0.90668253
0.910948811
0.915208329
0.919311269
0.923151953
0.926988846
0.930238853
0.933470313
0.936263863
0.939049512
0.941664951
0.94417652
0.946612512
0.948819686
0.950980196
0.952924771
0.954831883
0.956604365
0.95830656
0.959887509
0.961340028
0.9627594
0.964095977
0.965414593
0.966629221
0.967822274
0.96896239
0.970064335
0.971149353
0.972059578
0.972958593
0.973852408
0.974684563
0.975509712
0.976311753
0.977084485
0.977844915
0.97858084
0.979311761
0.980003531
0.980679412
0.981348854
0.9819891
0.98260553
0.983211045
0.983764034
0.984305818
0.984846355
0.985335813
0.985790277
0.986243777
0.986682578
0.987100418
0.987494599
0.987885872
0.98823446
0.988582014
0.988915945
0.989244284
0.989565572
0.989885921
0.990193522
0.990499226
0.990797245
0.991091755
0.991384113
0.991669858
0.991942635
0.992196735
0.992441989
0.992685781
0.992922561
0.993157764
0.993388373
0.993610138
0.993830405
0.994040142
0.994246163
0.994429351
0.994611133
0.994789023
0.994958571
0.995120301
0.995277325
0.995434035
0.995589502
0.995743501
0.995896373
0.996043123
0.996184611
0.99632133
0.996452292
0.996581715
0.996708794
0.996834147
0.996952963
0.997067495
0.997175153
0.997282513
0.997389201
0.997494583
0.997599705
0.99770268
0.997800792
0.997896554
0.997992166
0.998086222
0.998177344
0.998264413
0.998345591
0.998426576
0.998505556
0.998581146
0.998653927
0.998720898
0.998781335
0.998840824
0.998899472
0.998957763
0.99901177
0.999063625
0.999114181
0.999163001
0.999210794
0.999256444
0.999300876
0.999341322
0.999381234
0.999419674
0.9994576
0.999489925
0.999518122
0.99954533
0.999571611
0.999597858
0.999624077
0.999649538
0.999674642
0.999697367
0.999719748
0.999741995
0.999762979
0.999780806
0.999797471
0.999811143
0.999824525
0.999835983
0.999846956
0.999857641
0.999868211
0.999878037
0.999887664
0.999896114
0.999904467
0.999912559
0.999920312
0.999927524
0.999934211
0.999940211
0.999946
0.999951716
0.999956871
0.999961981
0.999966175
0.999969187
0.999971814
0.999974432
0.99997692
0.999979222
0.999981451
0.999983326
0.999985137
0.999986914
0.999988682
0.999990359
0.999992007
0.999993182
0.999994308
0.999995295
0.99999617
0.999997031
0.999997831
0.999998572
0.999999083
0.999999356
0.999999549
0.999999677
0.999999784
0.999999871
0.999999943
0.999999977
1
0.261419598
0.380874641
0.486800676
0.541706955
0.585535826
0.621605735
0.646558739
0.67066278
0.691565809
0.708597517
0.72560614
0.741630949
0.757205682
0.770545764
0.781014725
0.791272908
0.799648902
0.807878165
0.815437744
0.822899956
0.829920773
0.836918899
0.843751045
0.850580251
0.856602433
0.862558904
0.867197364
0.871802962
0.876340998
0.880813682
0.885257845
0.889640098
0.893940805
0.897609975
0.901259652
0.904872198
0.908419375
0.911674124
0.9147396
0.917707386
0.920670877
0.923427953
0.925952119
0.928380613
0.930739726
0.9329049
0.935005548
0.937007312
0.938884122
0.940741807
0.942534419
0.944173675
0.945777097
0.947359327
0.948922586
0.950359341
0.95177344
0.953177482
0.954526387
0.955841679
0.957106362
0.958334763
0.959505336
0.960646952
0.961766049
0.962869619
0.963889639
0.964903899
0.965885074
0.966809052
0.967710845
0.968611674
0.969495312
0.970354566
0.97117978
0.971993103
0.972803188
0.973603451
0.974402256
0.975186318
0.975968217
0.976746346
0.977524335
0.978300674
0.979062333
0.979812257
0.980553505
0.981291664
0.981997418
0.982696063
0.983382059
0.984005043
0.984618039
0.985219212
0.985818988
0.986418029
0.986941917
0.987454727
0.987942481
0.988419122
0.988859451
0.989284969
0.989680379
0.990062918
0.990433415
0.990790335
0.991137558
0.991448635
0.991746793
0.992036953
0.992311709
0.99258583
0.992855627
0.993116095
0.99336402
0.993611251
0.993856994
0.994089058
0.99430858
0.994521997
0.99473207
0.994940838
0.995140985
0.995339439
0.995529953
0.995716159
0.995899999
0.99607856
0.996256824
0.996433082
0.996604391
0.996771914
0.996923356
0.997051434
0.997177292
0.997300881
0.997423733
0.997542666
0.997657134
0.997767397
0.99787656
0.997983475
0.99808624
0.998187546
0.998284705
0.998377413
0.998459047
0.998540439
0.998619046
0.998694094
0.998769004
0.998838881
0.998906854
0.998971182
0.999032829
0.999092948
0.999153018
0.999206174
0.999253428
0.999299089
0.999344115
0.999388514
0.999432076
0.999475542
0.999516801
0.999553793
0.999590341
0.999616944
0.999643467
0.999666535
0.99968944
0.999711993
0.999733647
0.999751732
0.9997691
0.999785961
0.999800742
0.999815511
0.999829845
0.999841814
0.99985378
0.999865697
0.999876437
0.999886908
0.999896293
0.999905502
0.99991469
0.999923532
0.999931947
0.999940354
0.99994804
0.999954044
0.999959283
0.999964119
0.999968453
0.999972488
0.999976506
0.999980431
0.999983265
0.999985705
0.999987773
0.999989422
0.999990873
0.999992149
0.999993266
0.999994248
0.999994981
0.999995648
0.999996269
0.9999968
0.999997312
0.999997801
0.999998278
0.999998662
0.999998927
0.999999184
0.999999405
0.999999596
0.999999723
0.99999981
0.999999889
0.999999937
0.999999967
0.999999991
0.999999996
1
1
0.234601061
0.408305324
0.484879346
0.543509502
0.586222724
0.607528891
0.626443108
0.644988329
0.66337345
0.68148547
0.698867185
0.715475925
0.731462349
0.746679781
0.76118756
0.77527907
0.786933751
0.796055553
0.804355384
0.811639428
0.818888246
0.825934943
0.832573505
0.838596573
0.844511428
0.850401296
0.855713384
0.860598825
0.865459325
0.869826153
0.874107939
0.878230509
0.88233289
0.886402084
0.890355694
0.89426917
0.898062141
0.90177871
0.905470765
0.90911654
0.912487231
0.915853114
0.918845586
0.921783487
0.924662703
0.927369652
0.929767152
0.931959114
0.934097137
0.936200621
0.938257159
0.940235919
0.942209428
0.944176416
0.946111826
0.948035721
0.949849171
0.951433871
0.952967348
0.954457724
0.955913653
0.957323574
0.958717183
0.960091339
0.961442867
0.962772452
0.964053244
0.965300436
0.966410765
0.96743333
0.968429833
0.969393514
0.970329546
0.971260189
0.972173571
0.973086127
0.973967717
0.97482271
0.975658304
0.97647129
0.977269402
0.977998712
0.978694465
0.979352284
0.980008388
0.980639909
0.981270127
0.981893998
0.982507341
0.983110866
0.983706761
0.984293316
0.98487963
0.98544939
0.985993263
0.986534258
0.987071256
0.987604658
0.988137219
0.988653064
0.989135516
0.989554409
0.989951785
0.990334947
0.990700465
0.991044598
0.991377886
0.99170968
0.992037863
0.99236269
0.992685389
0.993007113
0.993317874
0.993617952
0.993897718
0.994146768
0.99438295
0.994615306
0.994840301
0.995031988
0.995220983
0.995405146
0.995586568
0.995763407
0.995938286
0.996112807
0.996282492
0.996449319
0.996610036
0.996768806
0.996923438
0.997077727
0.997213
0.997347939
0.99748067
0.99761115
0.997728931
0.997844216
0.997955773
0.998065848
0.99817451
0.998281711
0.998385765
0.998482338
0.998575162
0.998664668
0.998750226
0.998830294
0.998908093
0.998984042
0.999049818
0.999107798
0.999160046
0.999211937
0.999256683
0.999301344
0.999345424
0.999386605
0.999425934
0.999462984
0.999493642
0.999523199
0.999552313
0.99957828
0.999602941
0.999625086
0.999646954
0.999668665
0.999689475
0.999710017
0.999728607
0.999747073
0.999765184
0.999781847
0.999797027
0.999812002
0.999824934
0.999837613
0.999850148
0.99986181
0.999871154
0.999879703
0.999888182
0.999896342
0.999904403
0.999911372
0.999918319
0.999924963
0.999931046
0.999936947
0.999942293
0.999947322
0.999952024
0.999956627
0.999961021
0.99996535
0.999968496
0.9999714
0.999974287
0.999977088
0.999979833
0.999982271
0.999984671
0.999986652
0.99998849
0.999990274
0.999991699
0.999992736
0.999993704
0.999994477
0.999995176
0.999995841
0.99999648
0.999997101
0.999997663
0.999998184
0.999998547
0.999998893
0.999999146
0.99999939
0.999999619
0.999999757
0.999999891
0.999999942
0.999999972
0.999999996
1
1
