0.039027149
0.071832579
0.104496606
0.137019231
0.165865385
0.194711538
0.221719457
0.24688914
0.272058824
0.296521493
0.319711538
0.341770362
0.363829186
0.38489819
0.405118778
0.424915158
0.444145928
0.462952489
0.48020362
0.496747738
0.512867647
0.525735294
0.53803733
0.549208145
0.558116516
0.566317873
0.574377828
0.58229638
0.590214932
0.598133484
0.605910633
0.613404977
0.620899321
0.628252262
0.635605204
0.642816742
0.650028281
0.657098416
0.663744344
0.670107466
0.676470588
0.682692308
0.688631222
0.694428733
0.700084842
0.70574095
0.711114253
0.716487557
0.721719457
0.726951357
0.732041855
0.737132353
0.742081448
0.74688914
0.75155543
0.756221719
0.760746606
0.765271493
0.769654977
0.774038462
0.778280543
0.782522624
0.786623303
0.790723982
0.794683258
0.798642534
0.80260181
0.806419683
0.810237557
0.813914027
0.817449095
0.82084276
0.824236425
0.827488688
0.83074095
0.83385181
0.83696267
0.839932127
0.842901584
0.845729638
0.848557692
0.851385747
0.854213801
0.856900452
0.859587104
0.862273756
0.864819005
0.867364253
0.869909502
0.872454751
0.874858597
0.877262443
0.87966629
0.882070136
0.884473982
0.886736425
0.888998869
0.891261312
0.893523756
0.895786199
0.89790724
0.900028281
0.902149321
0.904270362
0.90625
0.908229638
0.910209276
0.912188914
0.914168552
0.91614819
0.918127828
0.919966063
0.921804299
0.923642534
0.925480769
0.927319005
0.929015837
0.93071267
0.932409502
0.934106335
0.935803167
0.9375
0.939196833
0.940893665
0.942590498
0.944145928
0.945701357
0.947256787
0.948812217
0.950367647
0.951923077
0.953478507
0.955033937
0.956589367
0.958003394
0.959417421
0.960831448
0.962245475
0.963659502
0.964932127
0.966204751
0.967477376
0.96875
0.970022624
0.971295249
0.972426471
0.973557692
0.974688914
0.975820136
0.976951357
0.978082579
0.979213801
0.98020362
0.981193439
0.982183258
0.983173077
0.984021493
0.98486991
0.985718326
0.986566742
0.987415158
0.988263575
0.988970588
0.989677602
0.990384615
0.991091629
0.991798643
0.992505656
0.993071267
0.993636878
0.994202489
0.9947681
0.99533371
0.995757919
0.996182127
0.996606335
0.997030543
0.997454751
0.997737557
0.998020362
0.998303167
0.998585973
0.998868778
0.999010181
0.999151584
0.999292986
0.999434389
0.999575792
0.999717195
0.999858597
1
0.013747054
0.026922802
0.040062844
0.052810112
0.065271727
0.07723345
0.089123759
0.100978362
0.112761551
0.124473327
0.13611369
0.147718346
0.158858816
0.169892166
0.180889809
0.1916018
0.202242377
0.212775834
0.223309291
0.233592802
0.243519246
0.253374277
0.263086481
0.272691566
0.282153824
0.291294723
0.300399914
0.309505106
0.318467471
0.327358423
0.336177962
0.344783261
0.35338856
0.361851032
0.370277798
0.378561737
0.386560023
0.394451189
0.402199529
0.409876455
0.417446262
0.424944655
0.432335928
0.439691495
0.446939941
0.454152682
0.461329715
0.468363922
0.475291009
0.482182389
0.489038063
0.49585803
0.502677998
0.509497965
0.516175105
0.522816539
0.529208027
0.535563808
0.541848175
0.547918303
0.553845605
0.559772906
0.5656645
0.571520388
0.57734057
0.583125045
0.588909519
0.594693994
0.600299936
0.605727344
0.611154753
0.616582161
0.62179533
0.626972792
0.63197172
0.636934943
0.641862458
0.646754267
0.651610369
0.656466471
0.661179747
0.665893023
0.670606299
0.675283868
0.679961437
0.684639006
0.689280868
0.693887024
0.69849318
0.703063629
0.707598372
0.712097408
0.716560737
0.720952653
0.725308862
0.729593659
0.733842748
0.738020424
0.7421981
0.746268657
0.7502678
0.754231236
0.758087553
0.761908163
0.765728772
0.769513676
0.773298579
0.777047775
0.780689852
0.784296222
0.787795472
0.791259016
0.794722559
0.798150396
0.801578233
0.804970363
0.808326787
0.811647504
0.814968221
0.818253231
0.821538242
0.824823252
0.828072556
0.831286153
0.83449975
0.837713347
0.840926944
0.844140541
0.847318432
0.850496322
0.853567093
0.856637863
0.859672927
0.862636578
0.865564522
0.868456759
0.87131329
0.874169821
0.877026351
0.879847176
0.882632293
0.885381704
0.888059701
0.890737699
0.893415697
0.896022281
0.898628865
0.901199743
0.903663501
0.906127258
0.908519603
0.910911947
0.913268585
0.915589517
0.917910448
0.920231379
0.922516604
0.924801828
0.927051346
0.929265157
0.931407556
0.933514247
0.935620938
0.937691923
0.939727201
0.941726773
0.943690638
0.945618796
0.947511248
0.949367993
0.951189031
0.952938656
0.954652574
0.956259373
0.957866172
0.959437263
0.960972649
0.962400914
0.963793473
0.965186032
0.966542884
0.967864029
0.969113761
0.970327787
0.971541812
0.972755838
0.973969864
0.975183889
0.976326501
0.977433407
0.978504606
0.979575805
0.980611298
0.981611083
0.982575162
0.983539242
0.984431907
0.985324573
0.986181533
0.987038492
0.987895451
0.988716704
0.98950225
0.990252089
0.991001928
0.991751767
0.992501607
0.993215739
0.993929872
0.994644005
0.995215311
0.995679497
0.996107977
0.996536456
0.996964936
0.997393416
0.997786189
0.998178962
0.998571735
0.998964508
0.999285867
0.999500107
0.999714347
0.999857173
0.999964293
1
0.011342316
0.022570925
0.033429985
0.044203764
0.054693274
0.065012224
0.075302746
0.085507988
0.095428961
0.1052078
0.114958213
0.124623344
0.134288476
0.143925181
0.153533458
0.163113309
0.172408892
0.181704474
0.190943203
0.200181932
0.209193246
0.21820456
0.227215874
0.236198761
0.245011086
0.253652851
0.262152482
0.270595258
0.278924328
0.28722497
0.295440332
0.303485133
0.311387799
0.319262039
0.327107851
0.334953664
0.342600489
0.350247314
0.357780431
0.365285121
0.372647678
0.379981807
0.387315936
0.394536358
0.401728353
0.408778214
0.41568594
0.42256524
0.429444539
0.436323839
0.443174711
0.449940304
0.456705896
0.463386207
0.469981238
0.476576269
0.4831713
0.489737904
0.496190801
0.502615271
0.509011314
0.515350503
0.521547558
0.527716186
0.533827961
0.539854454
0.545653533
0.551424186
0.557194838
0.562937063
0.568594008
0.574165672
0.579737336
0.585309
0.590880664
0.596395474
0.601853431
0.607311388
0.612712491
0.618085167
0.623429416
0.628716812
0.634004207
0.639263176
0.644493718
0.649724259
0.654926374
0.660043209
0.665046336
0.670021036
0.674967309
0.679856729
0.684746148
0.689607141
0.694468133
0.699215419
0.703934277
0.708624709
0.71331514
0.717863437
0.722383308
0.726846324
0.731309341
0.735743931
0.74000796
0.744186708
0.748308602
0.752402069
0.75638183
0.760333163
0.764256069
0.768150549
0.772045028
0.7758258
0.779549719
0.783188356
0.786713287
0.790238217
0.793734721
0.797202797
0.800642447
0.804082097
0.80749332
0.810847689
0.814202058
0.817528
0.820825516
0.824094605
0.827363693
0.830604355
0.833845017
0.837085679
0.84024106
0.843396441
0.846551822
0.849678777
0.852805731
0.855875831
0.858917505
0.861930752
0.864943999
0.867928819
0.870885212
0.873841606
0.876741145
0.879640685
0.882540224
0.885411337
0.888254022
0.891096708
0.893910967
0.896668372
0.899425777
0.902183183
0.904855307
0.907527432
0.910142703
0.912729547
0.915316391
0.917874808
0.920404798
0.922934789
0.925407925
0.927852635
0.930297345
0.932656774
0.934987776
0.937233498
0.939422366
0.941497527
0.94345898
0.945420433
0.94735346
0.949229632
0.951077378
0.952925124
0.954716016
0.956506908
0.958041958
0.959577008
0.961083632
0.962590255
0.964040025
0.965404514
0.966769003
0.968105066
0.969441128
0.970748763
0.972056399
0.973335607
0.974586389
0.975808744
0.977031099
0.9781966
0.979362101
0.980470749
0.981579396
0.982659617
0.983682984
0.984649497
0.985587583
0.986525669
0.987435329
0.988344988
0.989197794
0.9900506
0.990789698
0.99150037
0.992211041
0.992921712
0.99357553
0.994229348
0.994854739
0.995423276
0.995963386
0.996418216
0.996844619
0.997271022
0.997668998
0.998038547
0.998379669
0.998692365
0.99900506
0.999317755
0.999630451
0.999829439
0.999914719
0.999971573
1
0.011651497
0.022699857
0.033748218
0.044549841
0.055296633
0.065851519
0.076296743
0.086577476
0.096803378
0.106947034
0.117063274
0.127124685
0.137103849
0.146945937
0.15676061
0.166575282
0.176307709
0.185875644
0.195416164
0.204847023
0.214277881
0.223681325
0.232975107
0.242104397
0.251206273
0.260280733
0.269108455
0.277936177
0.286626823
0.295235223
0.303816208
0.312314947
0.320621779
0.328791534
0.33696129
0.345131045
0.353218555
0.361004496
0.368598531
0.376192565
0.383704354
0.391106481
0.398481193
0.405855905
0.41298388
0.420084439
0.427102752
0.434093651
0.441002303
0.447801294
0.45457287
0.461152539
0.467732207
0.47422963
0.480727053
0.487142231
0.493475162
0.499725847
0.505976533
0.512227218
0.518395657
0.524564097
0.530705121
0.53681873
0.542877508
0.548908872
0.554940235
0.560944182
0.5668933
0.572815002
0.578709288
0.584521329
0.590305955
0.59603575
0.601738129
0.607276017
0.61278649
0.618296962
0.623807435
0.629290492
0.634746134
0.640146946
0.645520342
0.650756662
0.655992982
0.661092225
0.666081807
0.671071389
0.675978726
0.680831231
0.685601491
0.690371751
0.695114596
0.699720364
0.704243886
0.708739993
0.713153855
0.7175403
0.7218445
0.726121285
0.730151332
0.73418138
0.738184011
0.742186643
0.746189275
0.750109661
0.754030047
0.757923018
0.761788573
0.765654129
0.769492269
0.773275578
0.777058888
0.780814782
0.784488431
0.788107249
0.791726066
0.795344884
0.798881456
0.802363198
0.805844939
0.809299265
0.812698761
0.816098256
0.819442921
0.822760171
0.826050005
0.82933984
0.832602259
0.835837263
0.839044851
0.84225244
0.845432613
0.848585371
0.851738129
0.854890887
0.857988815
0.861059327
0.864047593
0.866981029
0.869914464
0.872765654
0.875589429
0.878330957
0.881045071
0.883759184
0.886445882
0.889105165
0.891709617
0.894204408
0.896644369
0.899084329
0.90152429
0.903936835
0.90634938
0.90873451
0.91111964
0.91344994
0.915780239
0.918000877
0.920221516
0.922359908
0.92444347
0.926527031
0.928583178
0.930611909
0.932530979
0.934422634
0.936314289
0.938205944
0.940070183
0.941934423
0.943716416
0.945416164
0.947088497
0.948760829
0.950433162
0.952078079
0.953695581
0.955258252
0.956793508
0.958328764
0.95986402
0.961399276
0.962879702
0.964332712
0.965785722
0.967211317
0.968582081
0.969952846
0.971268779
0.972557298
0.973845816
0.975134335
0.976422853
0.97754688
0.978616076
0.979657857
0.980672223
0.981686588
0.982700954
0.98371532
0.984674855
0.985606974
0.986456848
0.987306722
0.988101766
0.988869394
0.989609606
0.990322404
0.991035201
0.991747999
0.992433381
0.993118763
0.993749315
0.99429762
0.994845926
0.995394232
0.995887707
0.996381182
0.996874657
0.997368132
0.997834192
0.998272837
0.998684066
0.99906788
0.999424279
0.999725847
0.999862924
1
