0.005235602
0.010471204
0.015706806
0.020942408
0.02617801
0.031413613
0.036649215
0.041884817
0.047120419
0.052356021
0.057591623
0.062827225
0.068062827
0.073298429
0.078534031
0.083769634
0.089005236
0.094240838
0.09947644
0.104712042
0.109947644
0.115183246
0.120418848
0.12565445
0.130890052
0.136125654
0.141361257
0.146596859
0.151832461
0.157068063
0.162303665
0.167539267
0.172774869
0.178010471
0.183246073
0.188481675
0.193717277
0.19895288
0.204188482
0.209424084
0.214659686
0.219895288
0.22513089
0.230366492
0.235602094
0.240837696
0.246073298
0.251308901
0.256544503
0.261780105
0.267015707
0.272251309
0.277486911
0.282722513
0.287958115
0.293193717
0.298429319
0.303664921
0.308900524
0.314136126
0.319371728
0.32460733
0.329842932
0.335078534
0.340314136
0.345549738
0.35078534
0.356020942
0.361256545
0.366492147
0.371727749
0.376963351
0.382198953
0.387434555
0.392670157
0.397905759
0.403141361
0.408376963
0.413612565
0.418848168
0.42408377
0.429319372
0.434554974
0.439790576
0.445026178
0.45026178
0.455497382
0.460732984
0.465968586
0.471204188
0.476439791
0.481675393
0.486910995
0.492146597
0.497382199
0.502617801
0.507853403
0.513089005
0.518324607
0.523560209
0.528795812
0.534031414
0.539267016
0.544502618
0.54973822
0.554973822
0.560209424
0.565445026
0.570680628
0.57591623
0.581151832
0.586387435
0.591623037
0.596858639
0.602094241
0.607329843
0.612565445
0.617801047
0.623036649
0.628272251
0.633507853
0.638743455
0.643979058
0.64921466
0.654450262
0.659685864
0.664921466
0.670157068
0.67539267
0.680628272
0.685863874
0.691099476
0.696335079
0.701570681
0.706806283
0.712041885
0.717277487
0.722513089
0.727748691
0.732984293
0.738219895
0.743455497
0.748691099
0.753926702
0.759162304
0.764397906
0.769633508
0.77486911
0.780104712
0.785340314
0.790575916
0.795811518
0.80104712
0.806282723
0.811518325
0.816753927
0.821989529
0.827225131
0.832460733
0.837696335
0.842931937
0.848167539
0.853403141
0.858638743
0.863874346
0.869109948
0.87434555
0.879581152
0.884816754
0.890052356
0.895287958
0.90052356
0.905759162
0.910994764
0.916230366
0.921465969
0.926701571
0.931937173
0.937172775
0.942408377
0.947643979
0.952879581
0.958115183
0.963350785
0.968586387
0.97382199
0.979057592
0.984293194
0.989528796
0.994764398
1
0.004424779
0.008849558
0.013274336
0.017699115
0.022123894
0.026548673
0.030973451
0.03539823
0.039823009
0.044247788
0.048672566
0.053097345
0.057522124
0.061946903
0.066371681
0.07079646
0.075221239
0.079646018
0.084070796
0.088495575
0.092920354
0.097345133
0.101769912
0.10619469
0.110619469
0.115044248
0.119469027
0.123893805
0.128318584
0.132743363
0.137168142
0.14159292
0.146017699
0.150442478
0.154867257
0.159292035
0.163716814
0.168141593
0.172566372
0.17699115
0.181415929
0.185840708
0.190265487
0.194690265
0.199115044
0.203539823
0.207964602
0.212389381
0.216814159
0.221238938
0.225663717
0.230088496
0.234513274
0.238938053
0.243362832
0.247787611
0.252212389
0.256637168
0.261061947
0.265486726
0.269911504
0.274336283
0.278761062
0.283185841
0.287610619
0.292035398
0.296460177
0.300884956
0.305309735
0.309734513
0.314159292
0.318584071
0.32300885
0.327433628
0.331858407
0.336283186
0.340707965
0.345132743
0.349557522
0.353982301
0.35840708
0.362831858
0.367256637
0.371681416
0.376106195
0.380530973
0.384955752
0.389380531
0.39380531
0.398230088
0.402654867
0.407079646
0.411504425
0.415929204
0.420353982
0.424778761
0.42920354
0.433628319
0.438053097
0.442477876
0.446902655
0.451327434
0.455752212
0.460176991
0.46460177
0.469026549
0.473451327
0.477876106
0.482300885
0.486725664
0.491150442
0.495575221
0.5
0.504424779
0.508849558
0.513274336
0.517699115
0.522123894
0.526548673
0.530973451
0.53539823
0.539823009
0.544247788
0.548672566
0.553097345
0.557522124
0.561946903
0.566371681
0.57079646
0.575221239
0.579646018
0.584070796
0.588495575
0.592920354
0.597345133
0.601769912
0.60619469
0.610619469
0.615044248
0.619469027
0.623893805
0.628318584
0.632743363
0.637168142
0.64159292
0.646017699
0.650442478
0.654867257
0.659292035
0.663716814
0.668141593
0.672566372
0.67699115
0.681415929
0.685840708
0.690265487
0.694690265
0.699115044
0.703539823
0.707964602
0.712389381
0.716814159
0.721238938
0.725663717
0.730088496
0.734513274
0.738938053
0.743362832
0.747787611
0.752212389
0.756637168
0.761061947
0.765486726
0.769911504
0.774336283
0.778761062
0.783185841
0.787610619
0.792035398
0.796460177
0.800884956
0.805309735
0.809734513
0.814159292
0.818584071
0.82300885
0.827433628
0.831858407
0.836283186
0.840707965
0.845132743
0.849557522
0.853982301
0.85840708
0.862831858
0.867256637
0.871681416
0.876106195
0.880530973
0.884955752
0.889380531
0.89380531
0.898230088
0.902654867
0.907079646
0.911504425
0.915929204
0.920353982
0.924778761
0.92920354
0.933628319
0.938053097
0.942477876
0.946902655
0.951327434
0.955752212
0.960176991
0.96460177
0.969026549
0.973451327
0.977876106
0.982300885
0.986725664
0.991150442
0.995575221
1
0.004366812
0.008733624
0.013100437
0.017467249
0.021834061
0.026200873
0.030567686
0.034934498
0.03930131
0.043668122
0.048034934
0.052401747
0.056768559
0.061135371
0.065502183
0.069868996
0.074235808
0.07860262
0.082969432
0.087336245
0.091703057
0.096069869
0.100436681
0.104803493
0.109170306
0.113537118
0.11790393
0.122270742
0.126637555
0.131004367
0.135371179
0.139737991
0.144104803
0.148471616
0.152838428
0.15720524
0.161572052
0.165938865
0.170305677
0.174672489
0.179039301
0.183406114
0.187772926
0.192139738
0.19650655
0.200873362
0.205240175
0.209606987
0.213973799
0.218340611
0.222707424
0.227074236
0.231441048
0.23580786
0.240174672
0.244541485
0.248908297
0.253275109
0.257641921
0.262008734
0.266375546
0.270742358
0.27510917
0.279475983
0.283842795
0.288209607
0.292576419
0.296943231
0.301310044
0.305676856
0.310043668
0.31441048
0.318777293
0.323144105
0.327510917
0.331877729
0.336244541
0.340611354
0.344978166
0.349344978
0.35371179
0.358078603
0.362445415
0.366812227
0.371179039
0.375545852
0.379912664
0.384279476
0.388646288
0.3930131
0.397379913
0.401746725
0.406113537
0.410480349
0.414847162
0.419213974
0.423580786
0.427947598
0.43231441
0.436681223
0.441048035
0.445414847
0.449781659
0.454148472
0.458515284
0.462882096
0.467248908
0.471615721
0.475982533
0.480349345
0.484716157
0.489082969
0.493449782
0.497816594
0.502183406
0.506550218
0.510917031
0.515283843
0.519650655
0.524017467
0.528384279
0.532751092
0.537117904
0.541484716
0.545851528
0.550218341
0.554585153
0.558951965
0.563318777
0.56768559
0.572052402
0.576419214
0.580786026
0.585152838
0.589519651
0.593886463
0.598253275
0.602620087
0.6069869
0.611353712
0.615720524
0.620087336
0.624454148
0.628820961
0.633187773
0.637554585
0.641921397
0.64628821
0.650655022
0.655021834
0.659388646
0.663755459
0.668122271
0.672489083
0.676855895
0.681222707
0.68558952
0.689956332
0.694323144
0.698689956
0.703056769
0.707423581
0.711790393
0.716157205
0.720524017
0.72489083
0.729257642
0.733624454
0.737991266
0.742358079
0.746724891
0.751091703
0.755458515
0.759825328
0.76419214
0.768558952
0.772925764
0.777292576
0.781659389
0.786026201
0.790393013
0.794759825
0.799126638
0.80349345
0.807860262
0.812227074
0.816593886
0.820960699
0.825327511
0.829694323
0.834061135
0.838427948
0.84279476
0.847161572
0.851528384
0.855895197
0.860262009
0.864628821
0.868995633
0.873362445
0.877729258
0.88209607
0.886462882
0.890829694
0.895196507
0.899563319
0.903930131
0.908296943
0.912663755
0.917030568
0.92139738
0.925764192
0.930131004
0.934497817
0.938864629
0.943231441
0.947598253
0.951965066
0.956331878
0.96069869
0.965065502
0.969432314
0.973799127
0.978165939
0.982532751
0.986899563
0.991266376
0.995633188
1
0.004347826
0.008695652
0.013043478
0.017391304
0.02173913
0.026086957
0.030434783
0.034782609
0.039130435
0.043478261
0.047826087
0.052173913
0.056521739
0.060869565
0.065217391
0.069565217
0.073913043
0.07826087
0.082608696
0.086956522
0.091304348
0.095652174
0.1
0.104347826
0.108695652
0.113043478
0.117391304
0.12173913
0.126086957
0.130434783
0.134782609
0.139130435
0.143478261
0.147826087
0.152173913
0.156521739
0.160869565
0.165217391
0.169565217
0.173913043
0.17826087
0.182608696
0.186956522
0.191304348
0.195652174
0.2
0.204347826
0.208695652
0.213043478
0.217391304
0.22173913
0.226086957
0.230434783
0.234782609
0.239130435
0.243478261
0.247826087
0.252173913
0.256521739
0.260869565
0.265217391
0.269565217
0.273913043
0.27826087
0.282608696
0.286956522
0.291304348
0.295652174
0.3
0.304347826
0.308695652
0.313043478
0.317391304
0.32173913
0.326086957
0.330434783
0.334782609
0.339130435
0.343478261
0.347826087
0.352173913
0.356521739
0.360869565
0.365217391
0.369565217
0.373913043
0.37826087
0.382608696
0.386956522
0.391304348
0.395652174
0.4
0.404347826
0.408695652
0.413043478
0.417391304
0.42173913
0.426086957
0.430434783
0.434782609
0.439130435
0.443478261
0.447826087
0.452173913
0.456521739
0.460869565
0.465217391
0.469565217
0.473913043
0.47826087
0.482608696
0.486956522
0.491304348
0.495652174
0.5
0.504347826
0.508695652
0.513043478
0.517391304
0.52173913
0.526086957
0.530434783
0.534782609
0.539130435
0.543478261
0.547826087
0.552173913
0.556521739
0.560869565
0.565217391
0.569565217
0.573913043
0.57826087
0.582608696
0.586956522
0.591304348
0.595652174
0.6
0.604347826
0.608695652
0.613043478
0.617391304
0.62173913
0.626086957
0.630434783
0.634782609
0.639130435
0.643478261
0.647826087
0.652173913
0.656521739
0.660869565
0.665217391
0.669565217
0.673913043
0.67826087
0.682608696
0.686956522
0.691304348
0.695652174
0.7
0.704347826
0.708695652
0.713043478
0.717391304
0.72173913
0.726086957
0.730434783
0.734782609
0.739130435
0.743478261
0.747826087
0.752173913
0.756521739
0.760869565
0.765217391
0.769565217
0.773913043
0.77826087
0.782608696
0.786956522
0.791304348
0.795652174
0.8
0.804347826
0.808695652
0.813043478
0.817391304
0.82173913
0.826086957
0.830434783
0.834782609
0.839130435
0.843478261
0.847826087
0.852173913
0.856521739
0.860869565
0.865217391
0.869565217
0.873913043
0.87826087
0.882608696
0.886956522
0.891304348
0.895652174
0.9
0.904347826
0.908695652
0.913043478
0.917391304
0.92173913
0.926086957
0.930434783
0.934782609
0.939130435
0.943478261
0.947826087
0.952173913
0.956521739
0.960869565
0.965217391
0.969565217
0.973913043
0.97826087
0.982608696
0.986956522
0.991304348
0.995652174
1
