0.040805417
0.075730577
0.107626515
0.138631504
0.169101924
0.196008553
0.222736992
0.249109052
0.275302922
0.300605845
0.32448325
0.348360656
0.371168924
0.393977192
0.41678546
0.43870278
0.460263721
0.480933713
0.498039914
0.514789736
0.529401283
0.542052744
0.553813257
0.563970064
0.574126871
0.583749109
0.593371347
0.602637206
0.611903065
0.621168924
0.630078403
0.638631504
0.647006415
0.655203136
0.663043478
0.67088382
0.678367783
0.685673557
0.69297933
0.700106914
0.707056308
0.713827512
0.720598717
0.727369922
0.733606557
0.739665004
0.74572345
0.751603706
0.757127584
0.762473272
0.767818959
0.772808268
0.777797577
0.782430506
0.787063435
0.791696365
0.796151105
0.800605845
0.805060584
0.808980756
0.812900927
0.816642908
0.82038489
0.824126871
0.827690663
0.831254455
0.834818247
0.838382038
0.841767641
0.845153243
0.848538845
0.851746258
0.854953671
0.857982894
0.861012117
0.86404134
0.866714184
0.869387028
0.872059872
0.874732716
0.87740556
0.880078403
0.882573058
0.885067712
0.887562366
0.889878831
0.892195296
0.894511761
0.896650036
0.898788311
0.900926586
0.903064861
0.905024947
0.906985032
0.908945118
0.910905203
0.912865289
0.914825374
0.91678546
0.918745545
0.920527441
0.922309337
0.924091233
0.925873129
0.927655025
0.929258731
0.930862438
0.932466144
0.93406985
0.935673557
0.937277263
0.938880969
0.940484676
0.942088382
0.943692088
0.945117605
0.946543122
0.947968639
0.949394155
0.950819672
0.952245189
0.953670706
0.955096222
0.956521739
0.957769066
0.959016393
0.960263721
0.961511048
0.962758375
0.964005702
0.96507484
0.966143977
0.967213115
0.968282252
0.96935139
0.970420527
0.971489665
0.972558803
0.97362794
0.974697078
0.975588026
0.976478974
0.977369922
0.97826087
0.979151818
0.980042766
0.980933713
0.981824661
0.982715609
0.983606557
0.984497505
0.985388453
0.986101212
0.98681397
0.987526728
0.988239487
0.988952245
0.989665004
0.990377762
0.99109052
0.991625089
0.992159658
0.992694227
0.993228795
0.993763364
0.994297933
0.994832502
0.995367071
0.995901639
0.996436208
0.996792587
0.997148967
0.997505346
0.997861725
0.998218104
0.998574483
0.998930862
0.999109052
0.999287242
0.999465431
0.999643621
0.99982181
1
0.015951367
0.031746856
0.047542346
0.063233919
0.077886314
0.092330874
0.106619557
0.120648446
0.134625377
0.148186636
0.161488101
0.174737608
0.187831238
0.200924868
0.213966539
0.226852333
0.239322457
0.251428868
0.263119609
0.274290762
0.28520212
0.296113478
0.306972877
0.317780318
0.3285358
0.339239322
0.349890886
0.360386574
0.370570508
0.380546607
0.390210953
0.399771381
0.409175933
0.418164813
0.427101735
0.43593474
0.444455991
0.452769407
0.461030864
0.46929232
0.477293983
0.485295646
0.493089473
0.500779383
0.508417333
0.515951367
0.523277564
0.530551803
0.537826042
0.544944404
0.552062766
0.559077211
0.565987738
0.572794347
0.579548997
0.586251689
0.592798504
0.599241401
0.605684298
0.611971319
0.618154422
0.624285566
0.630260833
0.635976307
0.641639821
0.647303336
0.652810974
0.658162735
0.663462538
0.668710381
0.673906266
0.678998233
0.684090201
0.68907825
0.694066299
0.699054349
0.70399044
0.708770654
0.713550868
0.718331082
0.723059337
0.727631716
0.732100177
0.73646472
0.740725346
0.744934012
0.749142679
0.753351346
0.757560012
0.76171672
0.765821469
0.76987426
0.77392705
0.77797984
0.78203263
0.78608542
0.789878416
0.793567495
0.797204614
0.800633898
0.804063182
0.807336589
0.810609997
0.813831445
0.817052894
0.820274343
0.823339915
0.826405487
0.829471059
0.832536631
0.835602203
0.838615816
0.841629429
0.844591084
0.847552738
0.850462434
0.853372129
0.856281825
0.859139561
0.861997298
0.864803076
0.867608854
0.870362673
0.873116492
0.875714434
0.878208459
0.880650525
0.883092591
0.885534657
0.887976722
0.890418788
0.892808895
0.895199002
0.897589109
0.899979216
0.902317365
0.904655513
0.906993661
0.909331809
0.911669957
0.914008106
0.916346254
0.918632443
0.920866674
0.923048945
0.925127299
0.927205653
0.929284007
0.931310402
0.933336797
0.935311234
0.937233711
0.939156188
0.941078666
0.942949184
0.944819703
0.946690221
0.948456822
0.950223423
0.951990024
0.953756625
0.955471267
0.957185909
0.958796633
0.96030344
0.961706329
0.963109217
0.96435623
0.965603242
0.966798296
0.967889432
0.968980567
0.970019744
0.971058921
0.972046139
0.973033358
0.974020576
0.975007794
0.975995012
0.976930271
0.97786553
0.97880079
0.979736049
0.980671308
0.981554609
0.982437909
0.98332121
0.984152551
0.984983893
0.985763275
0.986542658
0.987270082
0.987997506
0.988672971
0.989348436
0.989971942
0.990595448
0.991218955
0.991790502
0.992362049
0.992881638
0.993401226
0.993920815
0.994440403
0.994908033
0.995375662
0.995843292
0.996310922
0.996726593
0.997142263
0.997505975
0.997869687
0.99818144
0.998493193
0.998752988
0.998960823
0.9991167
0.999272576
0.999428453
0.999584329
0.999740206
0.999844123
0.999948041
1
0.014236807
0.028014362
0.041499666
0.054609218
0.06759352
0.080494322
0.092685371
0.104792919
0.116858717
0.128799265
0.140656313
0.15247161
0.164036406
0.175517702
0.186957248
0.198062792
0.209084836
0.21993988
0.230753173
0.241566466
0.252254509
0.26260855
0.272962592
0.283274883
0.293336673
0.303273213
0.313084502
0.322728791
0.332331329
0.341808617
0.351285905
0.360596192
0.369864729
0.379049766
0.388193053
0.397085838
0.405936874
0.414704409
0.423096192
0.431404476
0.439671009
0.447895792
0.456037074
0.464094856
0.471818637
0.479458918
0.486932198
0.494321977
0.501670007
0.508892786
0.515990314
0.523046092
0.53006012
0.537032398
0.543754175
0.550475952
0.557197729
0.563877756
0.570516032
0.577070808
0.583583834
0.59005511
0.596484636
0.602788911
0.608967936
0.61497996
0.620866733
0.626753507
0.63247328
0.638151303
0.643745825
0.649256847
0.654684369
0.66007014
0.665288911
0.670424182
0.675434202
0.680402472
0.685328991
0.690213761
0.69509853
0.69994155
0.704701069
0.709460588
0.714178357
0.718854375
0.723363393
0.727830661
0.732297929
0.736765197
0.741232465
0.745532732
0.749707749
0.753882766
0.758057782
0.762232799
0.766366065
0.770499332
0.774549098
0.778557114
0.78243988
0.786322645
0.79008016
0.793670675
0.797177689
0.800642953
0.804108216
0.80753173
0.810955244
0.814211757
0.81738477
0.820557782
0.823730795
0.826862057
0.82990982
0.832915832
0.835921844
0.838927856
0.841933868
0.84489813
0.847820641
0.850701403
0.853582164
0.856421176
0.859260187
0.862057448
0.864854709
0.86761022
0.870323981
0.872995992
0.875668003
0.878298263
0.880928524
0.883475284
0.885980294
0.888485304
0.890948564
0.893411824
0.895875084
0.898338343
0.900801603
0.903223113
0.905561122
0.907899132
0.910237141
0.9125334
0.914787909
0.917042418
0.919296927
0.921509686
0.923722445
0.925893454
0.928022712
0.930151971
0.932239479
0.934243487
0.936205745
0.938084502
0.93996326
0.941842017
0.943679025
0.945474282
0.947269539
0.949023046
0.950776553
0.95244656
0.954116566
0.955786573
0.957373079
0.958959586
0.960546092
0.962090848
0.963552104
0.96492986
0.966307615
0.96760187
0.968854375
0.97010688
0.971359385
0.97257014
0.973780895
0.9749499
0.976035404
0.977120908
0.978206413
0.979208417
0.980168671
0.981128925
0.982047428
0.982965932
0.983842685
0.984719439
0.985554442
0.986389446
0.987224449
0.988059452
0.988852705
0.989645959
0.990397462
0.991065464
0.991733467
0.992359719
0.992944222
0.993528724
0.994071476
0.994572478
0.99503173
0.995449232
0.995866733
0.996284235
0.996701737
0.997077488
0.99745324
0.997787241
0.998121242
0.998371743
0.998622244
0.998872745
0.999123246
0.999331997
0.999540748
0.999707749
0.999874749
0.99995825
1
0.014033969
0.027828722
0.04138426
0.054660713
0.067857428
0.080615581
0.09305478
0.105374372
0.117534487
0.129694602
0.141735109
0.153735747
0.165497169
0.177258592
0.188980145
0.200502352
0.211865083
0.223108205
0.234351328
0.24559445
0.256638227
0.267562395
0.278008133
0.288334264
0.298540786
0.30866757
0.318674747
0.328562316
0.337851846
0.346981899
0.356072084
0.365122399
0.374092975
0.383023682
0.391834782
0.400606012
0.409297504
0.417909258
0.426481142
0.434973288
0.443385695
0.451798102
0.460090902
0.468224225
0.476317678
0.484371262
0.492424847
0.500239215
0.508013715
0.515628738
0.523124153
0.530539829
0.537676421
0.544813013
0.551750259
0.55844829
0.564827366
0.571166574
0.577465912
0.583725381
0.58994498
0.59616458
0.602304441
0.608284826
0.614065864
0.619807033
0.625508333
0.631090025
0.63651224
0.641894586
0.647237062
0.65253967
0.657762539
0.662945539
0.668128538
0.673311538
0.678454669
0.68355793
0.688661191
0.693764453
0.698827845
0.703851368
0.708835021
0.713659198
0.718483375
0.723267682
0.72801212
0.732756558
0.737500997
0.742205566
0.746910135
0.751574835
0.756119927
0.760665019
0.765050634
0.769236903
0.773303564
0.77717088
0.780998325
0.784825771
0.788653217
0.792361056
0.796068894
0.799776732
0.803444701
0.806833586
0.810062993
0.813292401
0.816481939
0.819591739
0.822701539
0.825811339
0.8288414
0.831831592
0.834821785
0.837732238
0.840562954
0.843393669
0.846144646
0.848895622
0.851646599
0.854397576
0.857148553
0.859819791
0.862491029
0.865122399
0.867674029
0.87022566
0.87277729
0.875289052
0.877800813
0.880312575
0.882784467
0.885256359
0.887728251
0.890160274
0.892592297
0.89502432
0.897456343
0.899848497
0.902200781
0.904553066
0.90690535
0.909257635
0.911530181
0.913722989
0.915915796
0.918068735
0.920141934
0.922215134
0.924288334
0.926321665
0.928315126
0.930268719
0.932182442
0.934016426
0.935850411
0.937684395
0.93947851
0.941272626
0.942987003
0.944701379
0.946375887
0.948010525
0.949645164
0.951239933
0.952794833
0.954309864
0.955824894
0.957339925
0.958815087
0.960290248
0.961765409
0.963160832
0.964516386
0.965832071
0.967147755
0.96846344
0.969739255
0.971015071
0.972251017
0.973486963
0.97468304
0.975799378
0.976875847
0.977952316
0.978949047
0.979905909
0.980822901
0.981700024
0.982537278
0.983334662
0.984132047
0.984929431
0.985726816
0.986484331
0.987201978
0.987879754
0.988517662
0.98915557
0.989753608
0.990311777
0.990869947
0.991428116
0.991986285
0.992504585
0.992983016
0.993461446
0.993900008
0.9942987
0.994697393
0.995096085
0.995494777
0.995893469
0.996252292
0.996611116
0.996969939
0.997328762
0.997687585
0.998006539
0.998325492
0.998644446
0.9989634
0.999242485
0.9994817
0.999641177
0.999760785
0.999880392
0.999960131
1
