0.005464481
0.010928962
0.016393443
0.021857923
0.027322404
0.032786885
0.038251366
0.043715847
0.049180328
0.054644809
0.06010929
0.06557377
0.071038251
0.076502732
0.081967213
0.087431694
0.092896175
0.098360656
0.103825137
0.109289617
0.114754098
0.120218579
0.12568306
0.131147541
0.136612022
0.142076503
0.147540984
0.153005464
0.158469945
0.163934426
0.169398907
0.174863388
0.180327869
0.18579235
0.191256831
0.196721311
0.202185792
0.207650273
0.213114754
0.218579235
0.224043716
0.229508197
0.234972678
0.240437158
0.245901639
0.25136612
0.256830601
0.262295082
0.267759563
0.273224044
0.278688525
0.284153005
0.289617486
0.295081967
0.300546448
0.306010929
0.31147541
0.316939891
0.322404372
0.327868852
0.333333333
0.338797814
0.344262295
0.349726776
0.355191257
0.360655738
0.366120219
0.371584699
0.37704918
0.382513661
0.387978142
0.393442623
0.398907104
0.404371585
0.409836066
0.415300546
0.420765027
0.426229508
0.431693989
0.43715847
0.442622951
0.448087432
0.453551913
0.459016393
0.464480874
0.469945355
0.475409836
0.480874317
0.486338798
0.491803279
0.49726776
0.50273224
0.508196721
0.513661202
0.519125683
0.524590164
0.530054645
0.535519126
0.540983607
0.546448087
0.551912568
0.557377049
0.56284153
0.568306011
0.573770492
0.579234973
0.584699454
0.590163934
0.595628415
0.601092896
0.606557377
0.612021858
0.617486339
0.62295082
0.628415301
0.633879781
0.639344262
0.644808743
0.650273224
0.655737705
0.661202186
0.666666667
0.672131148
0.677595628
0.683060109
0.68852459
0.693989071
0.699453552
0.704918033
0.710382514
0.715846995
0.721311475
0.726775956
0.732240437
0.737704918
0.743169399
0.74863388
0.754098361
0.759562842
0.765027322
0.770491803
0.775956284
0.781420765
0.786885246
0.792349727
0.797814208
0.803278689
0.808743169
0.81420765
0.819672131
0.825136612
0.830601093
0.836065574
0.841530055
0.846994536
0.852459016
0.857923497
0.863387978
0.868852459
0.87431694
0.879781421
0.885245902
0.890710383
0.896174863
0.901639344
0.907103825
0.912568306
0.918032787
0.923497268
0.928961749
0.93442623
0.93989071
0.945355191
0.950819672
0.956284153
0.961748634
0.967213115
0.972677596
0.978142077
0.983606557
0.989071038
0.994535519
1
0.004464286
0.008928571
0.013392857
0.017857143
0.022321429
0.026785714
0.03125
0.035714286
0.040178571
0.044642857
0.049107143
0.053571429
0.058035714
0.0625
0.066964286
0.071428571
0.075892857
0.080357143
0.084821429
0.089285714
0.09375
0.098214286
0.102678571
0.107142857
0.111607143
0.116071429
0.120535714
0.125
0.129464286
0.133928571
0.138392857
0.142857143
0.147321429
0.151785714
0.15625
0.160714286
0.165178571
0.169642857
0.174107143
0.178571429
0.183035714
0.1875
0.191964286
0.196428571
0.200892857
0.205357143
0.209821429
0.214285714
0.21875
0.223214286
0.227678571
0.232142857
0.236607143
0.241071429
0.245535714
0.25
0.254464286
0.258928571
0.263392857
0.267857143
0.272321429
0.276785714
0.28125
0.285714286
0.290178571
0.294642857
0.299107143
0.303571429
0.308035714
0.3125
0.316964286
0.321428571
0.325892857
0.330357143
0.334821429
0.339285714
0.34375
0.348214286
0.352678571
0.357142857
0.361607143
0.366071429
0.370535714
0.375
0.379464286
0.383928571
0.388392857
0.392857143
0.397321429
0.401785714
0.40625
0.410714286
0.415178571
0.419642857
0.424107143
0.428571429
0.433035714
0.4375
0.441964286
0.446428571
0.450892857
0.455357143
0.459821429
0.464285714
0.46875
0.473214286
0.477678571
0.482142857
0.486607143
0.491071429
0.495535714
0.5
0.504464286
0.508928571
0.513392857
0.517857143
0.522321429
0.526785714
0.53125
0.535714286
0.540178571
0.544642857
0.549107143
0.553571429
0.558035714
0.5625
0.566964286
0.571428571
0.575892857
0.580357143
0.584821429
0.589285714
0.59375
0.598214286
0.602678571
0.607142857
0.611607143
0.616071429
0.620535714
0.625
0.629464286
0.633928571
0.638392857
0.642857143
0.647321429
0.651785714
0.65625
0.660714286
0.665178571
0.669642857
0.674107143
0.678571429
0.683035714
0.6875
0.691964286
0.696428571
0.700892857
0.705357143
0.709821429
0.714285714
0.71875
0.723214286
0.727678571
0.732142857
0.736607143
0.741071429
0.745535714
0.75
0.754464286
0.758928571
0.763392857
0.767857143
0.772321429
0.776785714
0.78125
0.785714286
0.790178571
0.794642857
0.799107143
0.803571429
0.808035714
0.8125
0.816964286
0.821428571
0.825892857
0.830357143
0.834821429
0.839285714
0.84375
0.848214286
0.852678571
0.857142857
0.861607143
0.866071429
0.870535714
0.875
0.879464286
0.883928571
0.888392857
0.892857143
0.897321429
0.901785714
0.90625
0.910714286
0.915178571
0.919642857
0.924107143
0.928571429
0.933035714
0.9375
0.941964286
0.946428571
0.950892857
0.955357143
0.959821429
0.964285714
0.96875
0.973214286
0.977678571
0.982142857
0.986607143
0.991071429
0.995535714
1
0.004444444
0.008888889
0.013333333
0.017777778
0.022222222
0.026666667
0.031111111
0.035555556
0.04
0.044444444
0.048888889
0.053333333
0.057777778
0.062222222
0.066666667
0.071111111
0.075555556
0.08
0.084444444
0.088888889
0.093333333
0.097777778
0.102222222
0.106666667
0.111111111
0.115555556
0.12
0.124444444
0.128888889
0.133333333
0.137777778
0.142222222
0.146666667
0.151111111
0.155555556
0.16
0.164444444
0.168888889
0.173333333
0.177777778
0.182222222
0.186666667
0.191111111
0.195555556
0.2
0.204444444
0.208888889
0.213333333
0.217777778
0.222222222
0.226666667
0.231111111
0.235555556
0.24
0.244444444
0.248888889
0.253333333
0.257777778
0.262222222
0.266666667
0.271111111
0.275555556
0.28
0.284444444
0.288888889
0.293333333
0.297777778
0.302222222
0.306666667
0.311111111
0.315555556
0.32
0.324444444
0.328888889
0.333333333
0.337777778
0.342222222
0.346666667
0.351111111
0.355555556
0.36
0.364444444
0.368888889
0.373333333
0.377777778
0.382222222
0.386666667
0.391111111
0.395555556
0.4
0.404444444
0.408888889
0.413333333
0.417777778
0.422222222
0.426666667
0.431111111
0.435555556
0.44
0.444444444
0.448888889
0.453333333
0.457777778
0.462222222
0.466666667
0.471111111
0.475555556
0.48
0.484444444
0.488888889
0.493333333
0.497777778
0.502222222
0.506666667
0.511111111
0.515555556
0.52
0.524444444
0.528888889
0.533333333
0.537777778
0.542222222
0.546666667
0.551111111
0.555555556
0.56
0.564444444
0.568888889
0.573333333
0.577777778
0.582222222
0.586666667
0.591111111
0.595555556
0.6
0.604444444
0.608888889
0.613333333
0.617777778
0.622222222
0.626666667
0.631111111
0.635555556
0.64
0.644444444
0.648888889
0.653333333
0.657777778
0.662222222
0.666666667
0.671111111
0.675555556
0.68
0.684444444
0.688888889
0.693333333
0.697777778
0.702222222
0.706666667
0.711111111
0.715555556
0.72
0.724444444
0.728888889
0.733333333
0.737777778
0.742222222
0.746666667
0.751111111
0.755555556
0.76
0.764444444
0.768888889
0.773333333
0.777777778
0.782222222
0.786666667
0.791111111
0.795555556
0.8
0.804444444
0.808888889
0.813333333
0.817777778
0.822222222
0.826666667
0.831111111
0.835555556
0.84
0.844444444
0.848888889
0.853333333
0.857777778
0.862222222
0.866666667
0.871111111
0.875555556
0.88
0.884444444
0.888888889
0.893333333
0.897777778
0.902222222
0.906666667
0.911111111
0.915555556
0.92
0.924444444
0.928888889
0.933333333
0.937777778
0.942222222
0.946666667
0.951111111
0.955555556
0.96
0.964444444
0.968888889
0.973333333
0.977777778
0.982222222
0.986666667
0.991111111
0.995555556
1
0.004347826
0.008695652
0.013043478
0.017391304
0.02173913
0.026086957
0.030434783
0.034782609
0.039130435
0.043478261
0.047826087
0.052173913
0.056521739
0.060869565
0.065217391
0.069565217
0.073913043
0.07826087
0.082608696
0.086956522
0.091304348
0.095652174
0.1
0.104347826
0.108695652
0.113043478
0.117391304
0.12173913
0.126086957
0.130434783
0.134782609
0.139130435
0.143478261
0.147826087
0.152173913
0.156521739
0.160869565
0.165217391
0.169565217
0.173913043
0.17826087
0.182608696
0.186956522
0.191304348
0.195652174
0.2
0.204347826
0.208695652
0.213043478
0.217391304
0.22173913
0.226086957
0.230434783
0.234782609
0.239130435
0.243478261
0.247826087
0.252173913
0.256521739
0.260869565
0.265217391
0.269565217
0.273913043
0.27826087
0.282608696
0.286956522
0.291304348
0.295652174
0.3
0.304347826
0.308695652
0.313043478
0.317391304
0.32173913
0.326086957
0.330434783
0.334782609
0.339130435
0.343478261
0.347826087
0.352173913
0.356521739
0.360869565
0.365217391
0.369565217
0.373913043
0.37826087
0.382608696
0.386956522
0.391304348
0.395652174
0.4
0.404347826
0.408695652
0.413043478
0.417391304
0.42173913
0.426086957
0.430434783
0.434782609
0.439130435
0.443478261
0.447826087
0.452173913
0.456521739
0.460869565
0.465217391
0.469565217
0.473913043
0.47826087
0.482608696
0.486956522
0.491304348
0.495652174
0.5
0.504347826
0.508695652
0.513043478
0.517391304
0.52173913
0.526086957
0.530434783
0.534782609
0.539130435
0.543478261
0.547826087
0.552173913
0.556521739
0.560869565
0.565217391
0.569565217
0.573913043
0.57826087
0.582608696
0.586956522
0.591304348
0.595652174
0.6
0.604347826
0.608695652
0.613043478
0.617391304
0.62173913
0.626086957
0.630434783
0.634782609
0.639130435
0.643478261
0.647826087
0.652173913
0.656521739
0.660869565
0.665217391
0.669565217
0.673913043
0.67826087
0.682608696
0.686956522
0.691304348
0.695652174
0.7
0.704347826
0.708695652
0.713043478
0.717391304
0.72173913
0.726086957
0.730434783
0.734782609
0.739130435
0.743478261
0.747826087
0.752173913
0.756521739
0.760869565
0.765217391
0.769565217
0.773913043
0.77826087
0.782608696
0.786956522
0.791304348
0.795652174
0.8
0.804347826
0.808695652
0.813043478
0.817391304
0.82173913
0.826086957
0.830434783
0.834782609
0.839130435
0.843478261
0.847826087
0.852173913
0.856521739
0.860869565
0.865217391
0.869565217
0.873913043
0.87826087
0.882608696
0.886956522
0.891304348
0.895652174
0.9
0.904347826
0.908695652
0.913043478
0.917391304
0.92173913
0.926086957
0.930434783
0.934782609
0.939130435
0.943478261
0.947826087
0.952173913
0.956521739
0.960869565
0.965217391
0.969565217
0.973913043
0.97826087
0.982608696
0.986956522
0.991304348
0.995652174
1
