0.197447643
0.271381641
0.342598334
0.410648599
0.452280158
0.492567882
0.531609299
0.569210337
0.602640074
0.633134516
0.663269005
0.693155149
0.719007137
0.743010532
0.764382458
0.783767616
0.801356838
0.817206605
0.83246303
0.846855709
0.860510043
0.873754068
0.886975543
0.900186039
0.909893681
0.919397149
0.925955674
0.931919121
0.937333181
0.941401288
0.944743363
0.948019291
0.951281115
0.954281725
0.956979687
0.95959847
0.962113696
0.964551563
0.966761162
0.968794525
0.970820532
0.972714754
0.974323485
0.975929205
0.977453551
0.978952296
0.980449416
0.98188592
0.983302238
0.984672657
0.985708056
0.986713318
0.98756256
0.988102142
0.988614354
0.989125906
0.989621357
0.990089488
0.990523852
0.990957105
0.991381359
0.991801385
0.992184525
0.992516243
0.992843054
0.993142971
0.993429749
0.993691571
0.993937622
0.994176401
0.994413294
0.994646293
0.994876285
0.995100699
0.99530084
0.99549605
0.995686992
0.995876491
0.996064474
0.996240744
0.996411055
0.99657344
0.996734529
0.996883342
0.997025198
0.997164632
0.99730307
0.997439386
0.997573651
0.997687143
0.997799773
0.997900963
0.998000394
0.998098775
0.998193458
0.998282507
0.998371351
0.998459993
0.998537209
0.998613931
0.99868948
0.998764194
0.998837323
0.99890976
0.998978289
0.999044891
0.999109295
0.999167396
0.999224332
0.999273761
0.999322897
0.999366997
0.999407872
0.999442459
0.999476831
0.999507866
0.999537632
0.999562658
0.999587474
0.99961069
0.999633428
0.999654195
0.999670724
0.999687234
0.99970331
0.999719034
0.999733575
0.999747495
0.999760035
0.999772561
0.999784181
0.999795547
0.999806495
0.999817117
0.999827568
0.999837559
0.99984704
0.999856353
0.999865087
0.999873456
0.999881618
0.999889128
0.999896626
0.999903903
0.999911054
0.99991666
0.999922195
0.999927659
0.999933048
0.999938099
0.999943146
0.999948111
0.999953075
0.999957812
0.999962203
0.999966535
0.999970443
0.999974147
0.999977633
0.999980868
0.999983542
0.999986076
0.999988223
0.999990328
0.999992233
0.999993948
0.999995083
0.999995969
0.99999658
0.999997166
0.999997748
0.999998327
0.99999874
0.9999991
0.999999386
0.999999541
0.999999668
0.999999782
0.999999884
0.999999932
0.999999971
0.999999993
1
0.243035514
0.335219041
0.400701344
0.448926334
0.494472952
0.538246671
0.573954185
0.609506542
0.643688162
0.677791465
0.70469472
0.731453989
0.75068925
0.769463892
0.783684008
0.796231917
0.806369614
0.816247491
0.82518093
0.83382176
0.842026631
0.85007284
0.858098483
0.865114637
0.871776256
0.877339751
0.882836366
0.888073276
0.893287325
0.898414296
0.90352352
0.908555562
0.912992478
0.917165174
0.920759517
0.924255507
0.927742415
0.931082561
0.934211773
0.937320184
0.940386264
0.943421344
0.946453032
0.949432293
0.952351707
0.954658679
0.956872205
0.959082904
0.961010101
0.962933457
0.964665949
0.966388974
0.968016
0.969623898
0.971076083
0.972353581
0.973551356
0.974707673
0.975773649
0.976762232
0.977724921
0.978656844
0.97951982
0.980349182
0.981117119
0.981883927
0.98263728
0.983358919
0.984073963
0.984748318
0.985393309
0.985980122
0.986543006
0.987095796
0.987648263
0.988193688
0.98868466
0.989094344
0.989485759
0.989874522
0.990249255
0.990612374
0.99096989
0.991286609
0.991584799
0.991878215
0.992168677
0.992447943
0.99271917
0.992985336
0.993247385
0.993499613
0.993746896
0.99398485
0.994221303
0.99442755
0.994633702
0.994832606
0.995019578
0.995186905
0.995348805
0.995506724
0.995662665
0.995814998
0.995966196
0.996105066
0.996239192
0.996368433
0.996497383
0.996625143
0.996746035
0.996866795
0.996987362
0.997102565
0.997217355
0.99732993
0.99743825
0.997544815
0.997646771
0.997748352
0.997848299
0.997943837
0.998035999
0.998128137
0.998208593
0.99828872
0.998367419
0.998440136
0.998511326
0.998582087
0.998647004
0.998705915
0.998764178
0.998821853
0.998878037
0.998933045
0.998987289
0.999040189
0.999091821
0.9991416
0.999187263
0.999232786
0.999277206
0.999320525
0.999361419
0.999395913
0.999430234
0.999463499
0.999493217
0.999522739
0.999550539
0.99957764
0.999603143
0.99962761
0.999651844
0.999675832
0.999697584
0.999719077
0.999739747
0.999759347
0.999776271
0.999792479
0.999807812
0.999820699
0.99983263
0.999843535
0.999853479
0.999862959
0.999871587
0.999879736
0.999887481
0.999895204
0.999902357
0.999908664
0.99991458
0.99991988
0.999925023
0.999930077
0.999935041
0.999939585
0.999943851
0.999948066
0.999951531
0.999954911
0.999957983
0.999960921
0.999963771
0.999966543
0.999969295
0.999971863
0.999974079
0.999976279
0.999978307
0.999980193
0.999981958
0.999983628
0.999985034
0.999986385
0.999987636
0.999988738
0.999989827
0.99999087
0.999991887
0.999992793
0.999993693
0.999994549
0.999995378
0.999996183
0.999996865
0.999997319
0.999997753
0.999998124
0.999998481
0.999998831
0.999999173
0.999999398
0.999999587
0.999999756
0.999999851
0.999999903
0.999999943
0.999999977
0.999999998
1
0.135965224
0.210498136
0.280262994
0.321262677
0.360113415
0.398435903
0.431365419
0.46373004
0.494652916
0.523344382
0.548280028
0.570488894
0.592167473
0.613674174
0.635082922
0.656215002
0.674828134
0.692668623
0.710172152
0.723886663
0.737240585
0.750049546
0.761863474
0.772803492
0.782476928
0.791574853
0.799931791
0.808270098
0.816117956
0.823471587
0.830250486
0.837026792
0.843033856
0.848871103
0.854321691
0.859688539
0.864911986
0.86992231
0.874927994
0.879726582
0.884489706
0.889250901
0.893982553
0.898584648
0.902837564
0.90705221
0.911041784
0.914929992
0.918381677
0.92161155
0.924752577
0.927890753
0.930952969
0.933853762
0.936667353
0.939255914
0.941628683
0.94393068
0.946038785
0.948142349
0.950223657
0.952301193
0.954175986
0.956011061
0.957836261
0.959610614
0.961357606
0.962808096
0.9641659
0.965523509
0.966839509
0.968068841
0.969291095
0.970474193
0.971582403
0.972644755
0.973701982
0.974722375
0.975692614
0.976657676
0.977609324
0.978542054
0.979424199
0.980257371
0.981037568
0.981789784
0.982475213
0.983127798
0.98372368
0.984303574
0.984875715
0.985413669
0.985933344
0.986452841
0.986969795
0.987483556
0.987964285
0.988435483
0.988897143
0.989342817
0.989767383
0.990188381
0.990604444
0.991013164
0.991407714
0.991778093
0.992138627
0.992472777
0.992775971
0.993074813
0.993371175
0.993658227
0.993940246
0.994208077
0.994475374
0.994727097
0.994967937
0.995207878
0.995446966
0.995653013
0.995845866
0.996035413
0.996203147
0.996356334
0.996507071
0.996657128
0.996800704
0.996937857
0.997071164
0.997190179
0.997308797
0.997427064
0.997540198
0.997652472
0.997764075
0.997867551
0.997967477
0.998065774
0.998163951
0.998261201
0.998355249
0.998447878
0.998521248
0.998591599
0.998661833
0.998729571
0.99879726
0.998864864
0.998931429
0.99899703
0.99906126
0.999118387
0.999175478
0.999228282
0.999278449
0.999328052
0.999373797
0.999418654
0.999459314
0.999497116
0.999532449
0.999564845
0.999595694
0.99962344
0.999651148
0.999677365
0.999700496
0.999721972
0.999742685
0.99976332
0.999780573
0.999796377
0.999810272
0.999823104
0.999835883
0.999847146
0.999857791
0.999867837
0.999877719
0.999887168
0.999896055
0.999904314
0.999912533
0.999920491
0.999927535
0.999933692
0.999939843
0.999945175
0.99995049
0.999955513
0.99996005
0.999964561
0.999969038
0.999972844
0.999976492
0.999979814
0.999983
0.999986045
0.999988524
0.99998996
0.999991306
0.999992526
0.999993644
0.999994364
0.999995008
0.999995599
0.999996188
0.999996666
0.999997008
0.999997347
0.999997684
0.999998012
0.999998307
0.999998574
0.999998779
0.999998976
0.999999164
0.999999339
0.999999474
0.999999607
0.999999731
0.999999854
0.999999955
1
1
0.184104062
0.271354342
0.335753565
0.372134674
0.406454982
0.436051748
0.464081495
0.491600655
0.518233683
0.544737268
0.567309364
0.589643001
0.61105052
0.632203327
0.652625223
0.672941585
0.693162008
0.712279402
0.728381481
0.743264628
0.757111992
0.769319122
0.780817554
0.792043926
0.800795843
0.808964538
0.817070071
0.823375434
0.829485993
0.835307528
0.8410618
0.846564148
0.851956858
0.857290406
0.862536372
0.867742798
0.872751823
0.877243253
0.881525046
0.885802403
0.889758632
0.893663884
0.897420559
0.901132567
0.904795988
0.908314119
0.911822882
0.915254344
0.918615386
0.921951418
0.925067229
0.928153124
0.931176604
0.934141391
0.937093889
0.939881807
0.942654639
0.945295949
0.947464813
0.949623204
0.951744067
0.953820953
0.955725891
0.957588313
0.959417245
0.961025081
0.962569841
0.964041152
0.965498993
0.966947293
0.96833235
0.969641019
0.97091398
0.972070874
0.973122077
0.974158307
0.975125313
0.976070639
0.976991795
0.977908195
0.978782605
0.979627794
0.980430282
0.981206963
0.981938464
0.982615595
0.983255542
0.983838848
0.984412336
0.984967543
0.98550593
0.98604336
0.98657608
0.987102436
0.987609756
0.988092537
0.988574569
0.989031918
0.989476033
0.989918727
0.990358016
0.990783636
0.991175603
0.991554974
0.991904999
0.992248502
0.992557632
0.992856784
0.993149598
0.993424589
0.993693196
0.993956391
0.994211667
0.994464317
0.994713593
0.994953685
0.995175158
0.995388867
0.995593395
0.995776433
0.995953418
0.996129356
0.996304805
0.996480062
0.996635196
0.996783962
0.996927699
0.997069849
0.997206995
0.997343497
0.997476931
0.997604603
0.997724123
0.997839999
0.997948826
0.998055883
0.998156239
0.998254646
0.998343167
0.998431582
0.998518784
0.998605834
0.998690294
0.998769417
0.998847553
0.998925181
0.999000702
0.99907559
0.999148734
0.999221657
0.999282214
0.999337528
0.999389073
0.999440375
0.999472812
0.999504692
0.999534727
0.999563999
0.999593054
0.999619116
0.999642154
0.999665014
0.999685265
0.999705305
0.999723117
0.999740365
0.999755521
0.999768593
0.999781549
0.999793138
0.999804721
0.999815849
0.999826822
0.999837222
0.99984745
0.999857601
0.999866935
0.99987572
0.999884001
0.999891941
0.999899819
0.99990743
0.999913195
0.999918741
0.999924193
0.999929251
0.999934048
0.999938817
0.999943032
0.999947074
0.999950996
0.999954886
0.999958588
0.999962045
0.999965502
0.999968601
0.999971561
0.999974462
0.99997727
0.999979881
0.99998233
0.999984521
0.999986481
0.999988081
0.99998958
0.999990925
0.999992219
0.999993417
0.999994543
0.99999567
0.999996524
0.999997039
0.999997511
0.99999798
0.999998359
0.999998688
0.9999989
0.999999102
0.999999294
0.999999439
0.999999574
0.999999685
0.999999788
0.999999865
0.99999994
0.99999997
0.999999981
0.999999991
0.999999999
1
