0.045475746
0.081856343
0.118003731
0.152985075
0.182369403
0.211054104
0.239505597
0.267024254
0.294076493
0.319029851
0.343283582
0.367304104
0.389458955
0.410914179
0.431902985
0.452658582
0.470848881
0.488572761
0.506296642
0.524020522
0.538246269
0.551772388
0.563899254
0.576026119
0.588152985
0.600279851
0.612173507
0.623600746
0.635027985
0.645755597
0.655783582
0.665811567
0.675606343
0.68516791
0.694496269
0.703824627
0.712919776
0.72108209
0.729011194
0.736473881
0.743470149
0.750466418
0.757229478
0.763759328
0.770289179
0.776585821
0.782649254
0.788712687
0.79454291
0.800139925
0.80573694
0.811333955
0.816697761
0.821828358
0.826958955
0.832089552
0.836287313
0.840251866
0.844216418
0.847947761
0.851679104
0.855410448
0.858908582
0.862173507
0.865438433
0.868703358
0.871968284
0.875233209
0.878264925
0.881296642
0.884095149
0.886893657
0.889692164
0.892490672
0.895289179
0.897854478
0.900419776
0.902985075
0.905550373
0.908115672
0.910447761
0.912779851
0.91511194
0.91744403
0.919776119
0.922108209
0.92420709
0.92630597
0.928404851
0.930503731
0.932369403
0.934235075
0.936100746
0.937966418
0.93983209
0.941697761
0.943563433
0.945195896
0.946828358
0.948460821
0.950093284
0.951492537
0.952891791
0.954291045
0.955690299
0.957089552
0.958488806
0.959654851
0.960820896
0.96198694
0.963152985
0.96431903
0.965485075
0.966651119
0.967817164
0.968983209
0.970149254
0.971315299
0.972481343
0.973647388
0.974813433
0.975746269
0.976679104
0.97761194
0.978544776
0.979477612
0.980410448
0.981343284
0.982276119
0.983208955
0.984141791
0.984841418
0.985541045
0.986240672
0.986940299
0.987639925
0.988339552
0.989039179
0.989738806
0.990205224
0.990671642
0.99113806
0.991604478
0.992070896
0.992537313
0.993003731
0.993470149
0.993936567
0.994402985
0.994869403
0.995335821
0.99556903
0.995802239
0.996035448
0.996268657
0.996501866
0.996735075
0.996968284
0.997201493
0.997434701
0.99766791
0.997901119
0.998134328
0.998367537
0.998600746
0.998833955
0.999067164
0.999300373
0.999533582
0.999766791
1
0.01917069
0.038199375
0.057157058
0.074197671
0.091025277
0.10778188
0.124396478
0.140869071
0.155992616
0.17111616
0.186168702
0.201008236
0.215137745
0.229196251
0.242828742
0.256035217
0.269241693
0.282306163
0.294802613
0.307299063
0.31972451
0.33193695
0.344007384
0.355367793
0.366444192
0.377449588
0.388170974
0.398679352
0.409045726
0.419341096
0.429636467
0.439860835
0.449943198
0.459386538
0.468829878
0.478273218
0.487645555
0.49694689
0.505680204
0.514129509
0.522436808
0.530744107
0.538767396
0.546719682
0.554671968
0.562269242
0.569866515
0.577250781
0.584564044
0.591735302
0.598835558
0.605935814
0.612894064
0.619781312
0.626526555
0.633271798
0.639946038
0.646194263
0.65222948
0.658264698
0.664086907
0.669909117
0.675731326
0.681482533
0.687091735
0.692629935
0.697955126
0.703209316
0.708392502
0.713504686
0.71861687
0.723658052
0.728628231
0.733527407
0.738426583
0.743254757
0.748082931
0.752840102
0.757526271
0.76221244
0.766756603
0.771229764
0.775702925
0.780105084
0.78443624
0.788696393
0.792885544
0.797074695
0.801192843
0.805310991
0.809429139
0.813476285
0.817452428
0.821357569
0.825262709
0.829096847
0.832859983
0.836552116
0.840102244
0.843652371
0.847060494
0.850468617
0.853592729
0.856645839
0.859627947
0.862539051
0.865450156
0.868219256
0.870917353
0.87361545
0.876313547
0.879011644
0.881638739
0.884194831
0.88667992
0.88916501
0.891650099
0.894064186
0.896478273
0.89889236
0.901235444
0.903578529
0.905921613
0.908264698
0.910536779
0.912737859
0.914938938
0.917140017
0.919199091
0.921258165
0.923246237
0.925234308
0.927151377
0.929068446
0.930985515
0.932902584
0.934819654
0.936736723
0.938582789
0.940428855
0.942203919
0.943978983
0.945754047
0.947529111
0.949233172
0.950937234
0.952570293
0.954203351
0.95583641
0.957256461
0.958676512
0.960096563
0.961516615
0.962936666
0.964356717
0.965634763
0.966912809
0.968119852
0.969255893
0.970391934
0.971527975
0.972664016
0.973729054
0.974794093
0.975717126
0.976640159
0.977563192
0.978486226
0.979267254
0.980048282
0.98082931
0.981539335
0.982249361
0.982959387
0.98359841
0.984237433
0.984876456
0.985515479
0.986154502
0.986793525
0.987361545
0.987929565
0.988497586
0.989065606
0.989633627
0.990201647
0.990769668
0.991266686
0.991763703
0.992260721
0.992757739
0.993183755
0.99360977
0.994035785
0.994461801
0.994816813
0.995171826
0.995455836
0.995739847
0.996023857
0.996307867
0.996591877
0.996875888
0.997159898
0.997443908
0.997656916
0.997869923
0.998082931
0.998295939
0.998508946
0.998650951
0.998792957
0.998934962
0.999076967
0.999218972
0.999360977
0.99943198
0.999502982
0.999573985
0.999644987
0.99971599
0.999786992
0.999857995
0.999928997
1
0.017048694
0.03398335
0.049663588
0.065229787
0.08056791
0.095506899
0.109989737
0.124073441
0.138043106
0.152012772
0.165754362
0.179210856
0.192439275
0.205382598
0.218325921
0.231098187
0.243243243
0.255331281
0.26730528
0.279108222
0.290854145
0.30248603
0.314117915
0.325692781
0.33709659
0.34844338
0.359391037
0.370281674
0.381115293
0.391891892
0.402497434
0.412931919
0.423081309
0.432774547
0.442410765
0.451875927
0.461113012
0.470236059
0.479245068
0.488197058
0.49703501
0.505758923
0.51431178
0.522864637
0.531132398
0.539172083
0.547097731
0.554852321
0.562492873
0.569962367
0.577374843
0.584616262
0.591743642
0.598814004
0.605542251
0.612213479
0.618884707
0.625441898
0.631942069
0.638385221
0.644828373
0.651271525
0.657372562
0.6634736
0.669403581
0.675219523
0.680921428
0.686281218
0.69152697
0.696601665
0.70167636
0.706751055
0.711768731
0.71655833
0.72134793
0.726080511
0.730756073
0.735260577
0.739765082
0.744212567
0.748603033
0.7529935
0.757326947
0.761660395
0.765993842
0.770213251
0.774375641
0.778538032
0.782586384
0.786577717
0.79056905
0.794503364
0.79832364
0.802086897
0.805850154
0.809613411
0.813319649
0.817025887
0.820732125
0.824381343
0.827973543
0.831565743
0.835100924
0.838579085
0.842000228
0.845364352
0.848557418
0.851636447
0.854601437
0.857566427
0.860531417
0.863439389
0.86634736
0.869255331
0.872106283
0.874900217
0.87769415
0.880488083
0.883224997
0.885961911
0.888527768
0.891093625
0.893659482
0.896111301
0.89856312
0.901014939
0.903409739
0.90574752
0.9080853
0.910423081
0.912703843
0.914984605
0.917151329
0.919318052
0.921484776
0.9236515
0.925761204
0.927870909
0.929980614
0.932033299
0.934085985
0.936081651
0.938020299
0.939901927
0.941783556
0.943665184
0.945489794
0.947200365
0.948910936
0.950564489
0.952161022
0.953757555
0.955297069
0.956779564
0.95826206
0.959744555
0.961170031
0.962538488
0.963906945
0.965275402
0.96658684
0.967898278
0.969152697
0.970350097
0.971490478
0.972630859
0.97377124
0.97491162
0.976052001
0.977135363
0.978218725
0.979245068
0.980271411
0.981240734
0.982153039
0.983008325
0.983806591
0.984547839
0.985289087
0.985973315
0.986543506
0.987113696
0.987683886
0.988254077
0.988824267
0.989337439
0.98985061
0.990363782
0.990876953
0.991390124
0.991903296
0.992359448
0.9928156
0.993271753
0.993727905
0.994184057
0.99464021
0.995039343
0.995438476
0.99583761
0.996179724
0.996521838
0.996863953
0.997149048
0.997434143
0.997719238
0.998004333
0.998289429
0.998517505
0.998688562
0.998859619
0.999030676
0.999201733
0.999372791
0.999486829
0.999600867
0.999714905
0.999828943
0.999885962
0.999942981
1
0.016902823
0.033024657
0.049146491
0.064654692
0.079828183
0.094945889
0.110063595
0.125069731
0.139685373
0.154189445
0.168526163
0.182137677
0.195693406
0.209249135
0.222581725
0.235579605
0.2485217
0.261296441
0.273736472
0.286064934
0.298281825
0.310331362
0.322101975
0.333705233
0.345196921
0.356409684
0.367566663
0.378667857
0.389769051
0.40070289
0.411525159
0.421956934
0.432221354
0.44231842
0.452303916
0.461731563
0.47104764
0.480307933
0.489345085
0.498214883
0.507028897
0.515787125
0.524377998
0.532634163
0.540890327
0.548923352
0.556900591
0.564822046
0.572520361
0.579381903
0.586243445
0.592993417
0.599687605
0.606381792
0.613075979
0.619770166
0.626408569
0.632991186
0.639518019
0.645989066
0.652125404
0.658205958
0.664286511
0.67031128
0.676336048
0.681858753
0.687381457
0.692848377
0.698203726
0.703447506
0.708635502
0.713767712
0.718844137
0.723920562
0.728996988
0.734017628
0.739038268
0.743891554
0.74874484
0.753542341
0.758339842
0.762969988
0.767544349
0.772062925
0.776414147
0.780653799
0.784726096
0.788798393
0.792870691
0.796831418
0.800736361
0.804585518
0.808323106
0.811949124
0.815575142
0.819145375
0.822548254
0.825895348
0.829130871
0.832254825
0.835378779
0.838502733
0.841570903
0.844471717
0.847372532
0.850217561
0.853062591
0.855851835
0.85864108
0.86137454
0.864108
0.866841459
0.869519134
0.872196809
0.874818699
0.877440589
0.880006694
0.882517014
0.885027335
0.887537655
0.88999219
0.892390941
0.894789691
0.897188441
0.899587192
0.901930157
0.904273123
0.906616088
0.908959054
0.911246235
0.913533415
0.915653241
0.917773067
0.919892893
0.922012719
0.92407676
0.926085016
0.928037487
0.929989959
0.93194243
0.933839116
0.935624233
0.93740935
0.939194466
0.940979583
0.942708914
0.944438246
0.946111793
0.94767377
0.949235747
0.950797724
0.952303916
0.953754323
0.955204731
0.956655138
0.95804976
0.959444382
0.96078322
0.962122057
0.963460895
0.964799732
0.966027
0.967198483
0.968369965
0.969541448
0.970712931
0.971828629
0.972888542
0.973948455
0.975008368
0.975956711
0.976905054
0.977797612
0.978690171
0.979471159
0.980252148
0.981033136
0.981814125
0.982595113
0.983376102
0.984101305
0.984826509
0.985551713
0.986276916
0.98700212
0.987671539
0.988340957
0.988954591
0.98951244
0.990070289
0.990572353
0.991074417
0.991520696
0.991966975
0.992413254
0.992803749
0.993194243
0.993584737
0.993975232
0.994309941
0.99464465
0.99497936
0.995314069
0.995648778
0.995983488
0.996318197
0.996652906
0.996987616
0.99726654
0.99748968
0.997712819
0.997935959
0.998159099
0.998382238
0.998605378
0.998828517
0.999051657
0.999219011
0.999386366
0.999553721
0.999665291
0.99977686
0.99988843
0.999944215
1
