0.005847953
0.011695906
0.01754386
0.023391813
0.029239766
0.035087719
0.040935673
0.046783626
0.052631579
0.058479532
0.064327485
0.070175439
0.076023392
0.081871345
0.087719298
0.093567251
0.099415205
0.105263158
0.111111111
0.116959064
0.122807018
0.128654971
0.134502924
0.140350877
0.14619883
0.152046784
0.157894737
0.16374269
0.169590643
0.175438596
0.18128655
0.187134503
0.192982456
0.198830409
0.204678363
0.210526316
0.216374269
0.222222222
0.228070175
0.233918129
0.239766082
0.245614035
0.251461988
0.257309942
0.263157895
0.269005848
0.274853801
0.280701754
0.286549708
0.292397661
0.298245614
0.304093567
0.30994152
0.315789474
0.321637427
0.32748538
0.333333333
0.339181287
0.34502924
0.350877193
0.356725146
0.362573099
0.368421053
0.374269006
0.380116959
0.385964912
0.391812865
0.397660819
0.403508772
0.409356725
0.415204678
0.421052632
0.426900585
0.432748538
0.438596491
0.444444444
0.450292398
0.456140351
0.461988304
0.467836257
0.473684211
0.479532164
0.485380117
0.49122807
0.497076023
0.502923977
0.50877193
0.514619883
0.520467836
0.526315789
0.532163743
0.538011696
0.543859649
0.549707602
0.555555556
0.561403509
0.567251462
0.573099415
0.578947368
0.584795322
0.590643275
0.596491228
0.602339181
0.608187135
0.614035088
0.619883041
0.625730994
0.631578947
0.637426901
0.643274854
0.649122807
0.65497076
0.660818713
0.666666667
0.67251462
0.678362573
0.684210526
0.69005848
0.695906433
0.701754386
0.707602339
0.713450292
0.719298246
0.725146199
0.730994152
0.736842105
0.742690058
0.748538012
0.754385965
0.760233918
0.766081871
0.771929825
0.777777778
0.783625731
0.789473684
0.795321637
0.801169591
0.807017544
0.812865497
0.81871345
0.824561404
0.830409357
0.83625731
0.842105263
0.847953216
0.85380117
0.859649123
0.865497076
0.871345029
0.877192982
0.883040936
0.888888889
0.894736842
0.900584795
0.906432749
0.912280702
0.918128655
0.923976608
0.929824561
0.935672515
0.941520468
0.947368421
0.953216374
0.959064327
0.964912281
0.970760234
0.976608187
0.98245614
0.988304094
0.994152047
1
0.004444444
0.008888889
0.013333333
0.017777778
0.022222222
0.026666667
0.031111111
0.035555556
0.04
0.044444444
0.048888889
0.053333333
0.057777778
0.062222222
0.066666667
0.071111111
0.075555556
0.08
0.084444444
0.088888889
0.093333333
0.097777778
0.102222222
0.106666667
0.111111111
0.115555556
0.12
0.124444444
0.128888889
0.133333333
0.137777778
0.142222222
0.146666667
0.151111111
0.155555556
0.16
0.164444444
0.168888889
0.173333333
0.177777778
0.182222222
0.186666667
0.191111111
0.195555556
0.2
0.204444444
0.208888889
0.213333333
0.217777778
0.222222222
0.226666667
0.231111111
0.235555556
0.24
0.244444444
0.248888889
0.253333333
0.257777778
0.262222222
0.266666667
0.271111111
0.275555556
0.28
0.284444444
0.288888889
0.293333333
0.297777778
0.302222222
0.306666667
0.311111111
0.315555556
0.32
0.324444444
0.328888889
0.333333333
0.337777778
0.342222222
0.346666667
0.351111111
0.355555556
0.36
0.364444444
0.368888889
0.373333333
0.377777778
0.382222222
0.386666667
0.391111111
0.395555556
0.4
0.404444444
0.408888889
0.413333333
0.417777778
0.422222222
0.426666667
0.431111111
0.435555556
0.44
0.444444444
0.448888889
0.453333333
0.457777778
0.462222222
0.466666667
0.471111111
0.475555556
0.48
0.484444444
0.488888889
0.493333333
0.497777778
0.502222222
0.506666667
0.511111111
0.515555556
0.52
0.524444444
0.528888889
0.533333333
0.537777778
0.542222222
0.546666667
0.551111111
0.555555556
0.56
0.564444444
0.568888889
0.573333333
0.577777778
0.582222222
0.586666667
0.591111111
0.595555556
0.6
0.604444444
0.608888889
0.613333333
0.617777778
0.622222222
0.626666667
0.631111111
0.635555556
0.64
0.644444444
0.648888889
0.653333333
0.657777778
0.662222222
0.666666667
0.671111111
0.675555556
0.68
0.684444444
0.688888889
0.693333333
0.697777778
0.702222222
0.706666667
0.711111111
0.715555556
0.72
0.724444444
0.728888889
0.733333333
0.737777778
0.742222222
0.746666667
0.751111111
0.755555556
0.76
0.764444444
0.768888889
0.773333333
0.777777778
0.782222222
0.786666667
0.791111111
0.795555556
0.8
0.804444444
0.808888889
0.813333333
0.817777778
0.822222222
0.826666667
0.831111111
0.835555556
0.84
0.844444444
0.848888889
0.853333333
0.857777778
0.862222222
0.866666667
0.871111111
0.875555556
0.88
0.884444444
0.888888889
0.893333333
0.897777778
0.902222222
0.906666667
0.911111111
0.915555556
0.92
0.924444444
0.928888889
0.933333333
0.937777778
0.942222222
0.946666667
0.951111111
0.955555556
0.96
0.964444444
0.968888889
0.973333333
0.977777778
0.982222222
0.986666667
0.991111111
0.995555556
1
0.004524887
0.009049774
0.013574661
0.018099548
0.022624434
0.027149321
0.031674208
0.036199095
0.040723982
0.045248869
0.049773756
0.054298643
0.058823529
0.063348416
0.067873303
0.07239819
0.076923077
0.081447964
0.085972851
0.090497738
0.095022624
0.099547511
0.104072398
0.108597285
0.113122172
0.117647059
0.122171946
0.126696833
0.131221719
0.135746606
0.140271493
0.14479638
0.149321267
0.153846154
0.158371041
0.162895928
0.167420814
0.171945701
0.176470588
0.180995475
0.185520362
0.190045249
0.194570136
0.199095023
0.20361991
0.208144796
0.212669683
0.21719457
0.221719457
0.226244344
0.230769231
0.235294118
0.239819005
0.244343891
0.248868778
0.253393665
0.257918552
0.262443439
0.266968326
0.271493213
0.2760181
0.280542986
0.285067873
0.28959276
0.294117647
0.298642534
0.303167421
0.307692308
0.312217195
0.316742081
0.321266968
0.325791855
0.330316742
0.334841629
0.339366516
0.343891403
0.34841629
0.352941176
0.357466063
0.36199095
0.366515837
0.371040724
0.375565611
0.380090498
0.384615385
0.389140271
0.393665158
0.398190045
0.402714932
0.407239819
0.411764706
0.416289593
0.42081448
0.425339367
0.429864253
0.43438914
0.438914027
0.443438914
0.447963801
0.452488688
0.457013575
0.461538462
0.466063348
0.470588235
0.475113122
0.479638009
0.484162896
0.488687783
0.49321267
0.497737557
0.502262443
0.50678733
0.511312217
0.515837104
0.520361991
0.524886878
0.529411765
0.533936652
0.538461538
0.542986425
0.547511312
0.552036199
0.556561086
0.561085973
0.56561086
0.570135747
0.574660633
0.57918552
0.583710407
0.588235294
0.592760181
0.597285068
0.601809955
0.606334842
0.610859729
0.615384615
0.619909502
0.624434389
0.628959276
0.633484163
0.63800905
0.642533937
0.647058824
0.65158371
0.656108597
0.660633484
0.665158371
0.669683258
0.674208145
0.678733032
0.683257919
0.687782805
0.692307692
0.696832579
0.701357466
0.705882353
0.71040724
0.714932127
0.719457014
0.7239819
0.728506787
0.733031674
0.737556561
0.742081448
0.746606335
0.751131222
0.755656109
0.760180995
0.764705882
0.769230769
0.773755656
0.778280543
0.78280543
0.787330317
0.791855204
0.79638009
0.800904977
0.805429864
0.809954751
0.814479638
0.819004525
0.823529412
0.828054299
0.832579186
0.837104072
0.841628959
0.846153846
0.850678733
0.85520362
0.859728507
0.864253394
0.868778281
0.873303167
0.877828054
0.882352941
0.886877828
0.891402715
0.895927602
0.900452489
0.904977376
0.909502262
0.914027149
0.918552036
0.923076923
0.92760181
0.932126697
0.936651584
0.941176471
0.945701357
0.950226244
0.954751131
0.959276018
0.963800905
0.968325792
0.972850679
0.977375566
0.981900452
0.986425339
0.990950226
0.995475113
1
0.004444444
0.008888889
0.013333333
0.017777778
0.022222222
0.026666667
0.031111111
0.035555556
0.04
0.044444444
0.048888889
0.053333333
0.057777778
0.062222222
0.066666667
0.071111111
0.075555556
0.08
0.084444444
0.088888889
0.093333333
0.097777778
0.102222222
0.106666667
0.111111111
0.115555556
0.12
0.124444444
0.128888889
0.133333333
0.137777778
0.142222222
0.146666667
0.151111111
0.155555556
0.16
0.164444444
0.168888889
0.173333333
0.177777778
0.182222222
0.186666667
0.191111111
0.195555556
0.2
0.204444444
0.208888889
0.213333333
0.217777778
0.222222222
0.226666667
0.231111111
0.235555556
0.24
0.244444444
0.248888889
0.253333333
0.257777778
0.262222222
0.266666667
0.271111111
0.275555556
0.28
0.284444444
0.288888889
0.293333333
0.297777778
0.302222222
0.306666667
0.311111111
0.315555556
0.32
0.324444444
0.328888889
0.333333333
0.337777778
0.342222222
0.346666667
0.351111111
0.355555556
0.36
0.364444444
0.368888889
0.373333333
0.377777778
0.382222222
0.386666667
0.391111111
0.395555556
0.4
0.404444444
0.408888889
0.413333333
0.417777778
0.422222222
0.426666667
0.431111111
0.435555556
0.44
0.444444444
0.448888889
0.453333333
0.457777778
0.462222222
0.466666667
0.471111111
0.475555556
0.48
0.484444444
0.488888889
0.493333333
0.497777778
0.502222222
0.506666667
0.511111111
0.515555556
0.52
0.524444444
0.528888889
0.533333333
0.537777778
0.542222222
0.546666667
0.551111111
0.555555556
0.56
0.564444444
0.568888889
0.573333333
0.577777778
0.582222222
0.586666667
0.591111111
0.595555556
0.6
0.604444444
0.608888889
0.613333333
0.617777778
0.622222222
0.626666667
0.631111111
0.635555556
0.64
0.644444444
0.648888889
0.653333333
0.657777778
0.662222222
0.666666667
0.671111111
0.675555556
0.68
0.684444444
0.688888889
0.693333333
0.697777778
0.702222222
0.706666667
0.711111111
0.715555556
0.72
0.724444444
0.728888889
0.733333333
0.737777778
0.742222222
0.746666667
0.751111111
0.755555556
0.76
0.764444444
0.768888889
0.773333333
0.777777778
0.782222222
0.786666667
0.791111111
0.795555556
0.8
0.804444444
0.808888889
0.813333333
0.817777778
0.822222222
0.826666667
0.831111111
0.835555556
0.84
0.844444444
0.848888889
0.853333333
0.857777778
0.862222222
0.866666667
0.871111111
0.875555556
0.88
0.884444444
0.888888889
0.893333333
0.897777778
0.902222222
0.906666667
0.911111111
0.915555556
0.92
0.924444444
0.928888889
0.933333333
0.937777778
0.942222222
0.946666667
0.951111111
0.955555556
0.96
0.964444444
0.968888889
0.973333333
0.977777778
0.982222222
0.986666667
0.991111111
0.995555556
1
