0.01010101
0.02020202
0.03030303
0.04040404
0.050505051
0.060606061
0.070707071
0.080808081
0.090909091
0.101010101
0.111111111
0.121212121
0.131313131
0.141414141
0.151515152
0.161616162
0.171717172
0.181818182
0.191919192
0.202020202
0.212121212
0.222222222
0.232323232
0.242424242
0.252525253
0.262626263
0.272727273
0.282828283
0.292929293
0.303030303
0.313131313
0.323232323
0.333333333
0.343434343
0.353535354
0.363636364
0.373737374
0.383838384
0.393939394
0.404040404
0.414141414
0.424242424
0.434343434
0.444444444
0.454545455
0.464646465
0.474747475
0.484848485
0.494949495
0.505050505
0.515151515
0.525252525
0.535353535
0.545454545
0.555555556
0.565656566
0.575757576
0.585858586
0.595959596
0.606060606
0.616161616
0.626262626
0.636363636
0.646464646
0.656565657
0.666666667
0.676767677
0.686868687
0.696969697
0.707070707
0.717171717
0.727272727
0.737373737
0.747474747
0.757575758
0.767676768
0.777777778
0.787878788
0.797979798
0.808080808
0.818181818
0.828282828
0.838383838
0.848484848
0.858585859
0.868686869
0.878787879
0.888888889
0.898989899
0.909090909
0.919191919
0.929292929
0.939393939
0.949494949
0.95959596
0.96969697
0.97979798
0.98989899
1
0.005347594
0.010695187
0.016042781
0.021390374
0.026737968
0.032085561
0.037433155
0.042780749
0.048128342
0.053475936
0.058823529
0.064171123
0.069518717
0.07486631
0.080213904
0.085561497
0.090909091
0.096256684
0.101604278
0.106951872
0.112299465
0.117647059
0.122994652
0.128342246
0.13368984
0.139037433
0.144385027
0.14973262
0.155080214
0.160427807
0.165775401
0.171122995
0.176470588
0.181818182
0.187165775
0.192513369
0.197860963
0.203208556
0.20855615
0.213903743
0.219251337
0.22459893
0.229946524
0.235294118
0.240641711
0.245989305
0.251336898
0.256684492
0.262032086
0.267379679
0.272727273
0.278074866
0.28342246
0.288770053
0.294117647
0.299465241
0.304812834
0.310160428
0.315508021
0.320855615
0.326203209
0.331550802
0.336898396
0.342245989
0.347593583
0.352941176
0.35828877
0.363636364
0.368983957
0.374331551
0.379679144
0.385026738
0.390374332
0.395721925
0.401069519
0.406417112
0.411764706
0.417112299
0.422459893
0.427807487
0.43315508
0.438502674
0.443850267
0.449197861
0.454545455
0.459893048
0.465240642
0.470588235
0.475935829
0.481283422
0.486631016
0.49197861
0.497326203
0.502673797
0.50802139
0.513368984
0.518716578
0.524064171
0.529411765
0.534759358
0.540106952
0.545454545
0.550802139
0.556149733
0.561497326
0.56684492
0.572192513
0.577540107
0.582887701
0.588235294
0.593582888
0.598930481
0.604278075
0.609625668
0.614973262
0.620320856
0.625668449
0.631016043
0.636363636
0.64171123
0.647058824
0.652406417
0.657754011
0.663101604
0.668449198
0.673796791
0.679144385
0.684491979
0.689839572
0.695187166
0.700534759
0.705882353
0.711229947
0.71657754
0.721925134
0.727272727
0.732620321
0.737967914
0.743315508
0.748663102
0.754010695
0.759358289
0.764705882
0.770053476
0.77540107
0.780748663
0.786096257
0.79144385
0.796791444
0.802139037
0.807486631
0.812834225
0.818181818
0.823529412
0.828877005
0.834224599
0.839572193
0.844919786
0.85026738
0.855614973
0.860962567
0.86631016
0.871657754
0.877005348
0.882352941
0.887700535
0.893048128
0.898395722
0.903743316
0.909090909
0.914438503
0.919786096
0.92513369
0.930481283
0.935828877
0.941176471
0.946524064
0.951871658
0.957219251
0.962566845
0.967914439
0.973262032
0.978609626
0.983957219
0.989304813
0.994652406
1
0.004878049
0.009756098
0.014634146
0.019512195
0.024390244
0.029268293
0.034146341
0.03902439
0.043902439
0.048780488
0.053658537
0.058536585
0.063414634
0.068292683
0.073170732
0.07804878
0.082926829
0.087804878
0.092682927
0.097560976
0.102439024
0.107317073
0.112195122
0.117073171
0.12195122
0.126829268
0.131707317
0.136585366
0.141463415
0.146341463
0.151219512
0.156097561
0.16097561
0.165853659
0.170731707
0.175609756
0.180487805
0.185365854
0.190243902
0.195121951
0.2
0.204878049
0.209756098
0.214634146
0.219512195
0.224390244
0.229268293
0.234146341
0.23902439
0.243902439
0.248780488
0.253658537
0.258536585
0.263414634
0.268292683
0.273170732
0.27804878
0.282926829
0.287804878
0.292682927
0.297560976
0.302439024
0.307317073
0.312195122
0.317073171
0.32195122
0.326829268
0.331707317
0.336585366
0.341463415
0.346341463
0.351219512
0.356097561
0.36097561
0.365853659
0.370731707
0.375609756
0.380487805
0.385365854
0.390243902
0.395121951
0.4
0.404878049
0.409756098
0.414634146
0.419512195
0.424390244
0.429268293
0.434146341
0.43902439
0.443902439
0.448780488
0.453658537
0.458536585
0.463414634
0.468292683
0.473170732
0.47804878
0.482926829
0.487804878
0.492682927
0.497560976
0.502439024
0.507317073
0.512195122
0.517073171
0.52195122
0.526829268
0.531707317
0.536585366
0.541463415
0.546341463
0.551219512
0.556097561
0.56097561
0.565853659
0.570731707
0.575609756
0.580487805
0.585365854
0.590243902
0.595121951
0.6
0.604878049
0.609756098
0.614634146
0.619512195
0.624390244
0.629268293
0.634146341
0.63902439
0.643902439
0.648780488
0.653658537
0.658536585
0.663414634
0.668292683
0.673170732
0.67804878
0.682926829
0.687804878
0.692682927
0.697560976
0.702439024
0.707317073
0.712195122
0.717073171
0.72195122
0.726829268
0.731707317
0.736585366
0.741463415
0.746341463
0.751219512
0.756097561
0.76097561
0.765853659
0.770731707
0.775609756
0.780487805
0.785365854
0.790243902
0.795121951
0.8
0.804878049
0.809756098
0.814634146
0.819512195
0.824390244
0.829268293
0.834146341
0.83902439
0.843902439
0.848780488
0.853658537
0.858536585
0.863414634
0.868292683
0.873170732
0.87804878
0.882926829
0.887804878
0.892682927
0.897560976
0.902439024
0.907317073
0.912195122
0.917073171
0.92195122
0.926829268
0.931707317
0.936585366
0.941463415
0.946341463
0.951219512
0.956097561
0.96097561
0.965853659
0.970731707
0.975609756
0.980487805
0.985365854
0.990243902
0.995121951
1
0.004950495
0.00990099
0.014851485
0.01980198
0.024752475
0.02970297
0.034653465
0.03960396
0.044554455
0.04950495
0.054455446
0.059405941
0.064356436
0.069306931
0.074257426
0.079207921
0.084158416
0.089108911
0.094059406
0.099009901
0.103960396
0.108910891
0.113861386
0.118811881
0.123762376
0.128712871
0.133663366
0.138613861
0.143564356
0.148514851
0.153465347
0.158415842
0.163366337
0.168316832
0.173267327
0.178217822
0.183168317
0.188118812
0.193069307
0.198019802
0.202970297
0.207920792
0.212871287
0.217821782
0.222772277
0.227722772
0.232673267
0.237623762
0.242574257
0.247524752
0.252475248
0.257425743
0.262376238
0.267326733
0.272277228
0.277227723
0.282178218
0.287128713
0.292079208
0.297029703
0.301980198
0.306930693
0.311881188
0.316831683
0.321782178
0.326732673
0.331683168
0.336633663
0.341584158
0.346534653
0.351485149
0.356435644
0.361386139
0.366336634
0.371287129
0.376237624
0.381188119
0.386138614
0.391089109
0.396039604
0.400990099
0.405940594
0.410891089
0.415841584
0.420792079
0.425742574
0.430693069
0.435643564
0.440594059
0.445544554
0.45049505
0.455445545
0.46039604
0.465346535
0.47029703
0.475247525
0.48019802
0.485148515
0.49009901
0.495049505
0.5
0.504950495
0.50990099
0.514851485
0.51980198
0.524752475
0.52970297
0.534653465
0.53960396
0.544554455
0.54950495
0.554455446
0.559405941
0.564356436
0.569306931
0.574257426
0.579207921
0.584158416
0.589108911
0.594059406
0.599009901
0.603960396
0.608910891
0.613861386
0.618811881
0.623762376
0.628712871
0.633663366
0.638613861
0.643564356
0.648514851
0.653465347
0.658415842
0.663366337
0.668316832
0.673267327
0.678217822
0.683168317
0.688118812
0.693069307
0.698019802
0.702970297
0.707920792
0.712871287
0.717821782
0.722772277
0.727722772
0.732673267
0.737623762
0.742574257
0.747524752
0.752475248
0.757425743
0.762376238
0.767326733
0.772277228
0.777227723
0.782178218
0.787128713
0.792079208
0.797029703
0.801980198
0.806930693
0.811881188
0.816831683
0.821782178
0.826732673
0.831683168
0.836633663
0.841584158
0.846534653
0.851485149
0.856435644
0.861386139
0.866336634
0.871287129
0.876237624
0.881188119
0.886138614
0.891089109
0.896039604
0.900990099
0.905940594
0.910891089
0.915841584
0.920792079
0.925742574
0.930693069
0.935643564
0.940594059
0.945544554
0.95049505
0.955445545
0.96039604
0.965346535
0.97029703
0.975247525
0.98019802
0.985148515
0.99009901
0.995049505
1
