0.080236486
0.128378378
0.16722973
0.205236486
0.242398649
0.276182432
0.309966216
0.342905405
0.373310811
0.402871622
0.431587838
0.459459459
0.487331081
0.515202703
0.54222973
0.565878378
0.588682432
0.611486486
0.633445946
0.655405405
0.677364865
0.697635135
0.717905405
0.737331081
0.754222973
0.767736486
0.78125
0.794763514
0.806587838
0.816722973
0.826858108
0.836148649
0.844594595
0.852195946
0.859797297
0.867398649
0.875
0.881756757
0.888513514
0.893581081
0.898648649
0.903716216
0.907939189
0.912162162
0.916385135
0.920608108
0.923986486
0.927364865
0.930743243
0.934121622
0.936655405
0.939189189
0.941722973
0.944256757
0.946790541
0.949324324
0.951858108
0.953547297
0.955236486
0.956925676
0.958614865
0.960304054
0.961993243
0.963682432
0.965371622
0.967060811
0.96875
0.970439189
0.972128378
0.973817568
0.975506757
0.977195946
0.978040541
0.978885135
0.97972973
0.980574324
0.981418919
0.982263514
0.983108108
0.983952703
0.984797297
0.985641892
0.986486486
0.987331081
0.988175676
0.98902027
0.989864865
0.990709459
0.991554054
0.992398649
0.993243243
0.994087838
0.994932432
0.995777027
0.996621622
0.997466216
0.998310811
0.999155405
1
0.045867176
0.077878643
0.10989011
0.140468227
0.17032967
0.198041089
0.225274725
0.25226947
0.273769709
0.293358815
0.312231247
0.330387004
0.347826087
0.364309603
0.38079312
0.396798853
0.411610129
0.42570473
0.43956044
0.452938366
0.466316292
0.479216436
0.492116579
0.504300048
0.516244625
0.527711419
0.539178213
0.550406116
0.561634018
0.572861921
0.583134257
0.592689919
0.602006689
0.611323459
0.620401338
0.629479216
0.638318204
0.647157191
0.655757286
0.66411849
0.672479694
0.680840898
0.688963211
0.696368849
0.703774486
0.710702341
0.717630196
0.724319159
0.730769231
0.736980411
0.742474916
0.74773053
0.752986144
0.758241758
0.763497372
0.768514095
0.773530817
0.778308648
0.783086479
0.78786431
0.79264214
0.79718108
0.801720019
0.806258958
0.810559006
0.814859054
0.819159102
0.82345915
0.827759197
0.831820354
0.83588151
0.839942666
0.844003822
0.847826087
0.851648352
0.855470616
0.859053989
0.862637363
0.866220736
0.869804109
0.873148591
0.876493072
0.879837554
0.882943144
0.886048734
0.889154324
0.892259914
0.895126613
0.897993311
0.90086001
0.903248925
0.90563784
0.908026756
0.910415671
0.912565695
0.914715719
0.916865743
0.919015767
0.921165791
0.923315815
0.925465839
0.927376971
0.929288103
0.931199236
0.933110368
0.9350215
0.936693741
0.938365982
0.940038223
0.941710463
0.943382704
0.945054945
0.946488294
0.947921644
0.949354993
0.950788342
0.952221691
0.953416149
0.954610607
0.955805065
0.956999522
0.95819398
0.959388438
0.960582895
0.961777353
0.962971811
0.964166269
0.965360726
0.966555184
0.967749642
0.968944099
0.969899666
0.970855232
0.971810798
0.972766364
0.97372193
0.974677496
0.975633063
0.976588629
0.977544195
0.978499761
0.979455327
0.980172002
0.980888677
0.981605351
0.982322026
0.9830387
0.983755375
0.98447205
0.985188724
0.985905399
0.986622074
0.987338748
0.988055423
0.988772097
0.989488772
0.989966555
0.990444338
0.990922121
0.991399904
0.991877688
0.992355471
0.992833254
0.993311037
0.99378882
0.994266603
0.994744386
0.995222169
0.995699952
0.995938844
0.996177735
0.996416627
0.996655518
0.99689441
0.997133301
0.997372193
0.997611085
0.997849976
0.998088868
0.998327759
0.998566651
0.998805542
0.999044434
0.999283325
0.999522217
0.999761108
1
0.042857143
0.071260504
0.096470588
0.120336134
0.14302521
0.165378151
0.186722689
0.206722689
0.226554622
0.245042017
0.263361345
0.281512605
0.298823529
0.31512605
0.330084034
0.34487395
0.358655462
0.371932773
0.385210084
0.398319328
0.411260504
0.424201681
0.43697479
0.449243697
0.461344538
0.473277311
0.48487395
0.496302521
0.507226891
0.518151261
0.528739496
0.539159664
0.548739496
0.558151261
0.567563025
0.57697479
0.586386555
0.595798319
0.604705882
0.613445378
0.622184874
0.630756303
0.639159664
0.647058824
0.654621849
0.662016807
0.669243697
0.676134454
0.68302521
0.689915966
0.696638655
0.703361345
0.710084034
0.716638655
0.72302521
0.729411765
0.735630252
0.741680672
0.747563025
0.753109244
0.758655462
0.764201681
0.769747899
0.77512605
0.780504202
0.785714286
0.79092437
0.796134454
0.801344538
0.806218487
0.811092437
0.815630252
0.820168067
0.824537815
0.828739496
0.832941176
0.83697479
0.841008403
0.84487395
0.848571429
0.852268908
0.855798319
0.859327731
0.862521008
0.865714286
0.868739496
0.871764706
0.874789916
0.877647059
0.880504202
0.883361345
0.886218487
0.888907563
0.891596639
0.894285714
0.896806723
0.899327731
0.901848739
0.904201681
0.906554622
0.908907563
0.911260504
0.913277311
0.915294118
0.917310924
0.919327731
0.921176471
0.92302521
0.92487395
0.926554622
0.928235294
0.929915966
0.931596639
0.933277311
0.934957983
0.936638655
0.938151261
0.939663866
0.941176471
0.942521008
0.943865546
0.945210084
0.946554622
0.94789916
0.949243697
0.950588235
0.951932773
0.953277311
0.954621849
0.955798319
0.95697479
0.958151261
0.959327731
0.960504202
0.961680672
0.962689076
0.963697479
0.964705882
0.965714286
0.966722689
0.967731092
0.968739496
0.969747899
0.970756303
0.971764706
0.972605042
0.973445378
0.974285714
0.97512605
0.975966387
0.976806723
0.977647059
0.978487395
0.979327731
0.980168067
0.981008403
0.981848739
0.982521008
0.983193277
0.983865546
0.984537815
0.985210084
0.985882353
0.986554622
0.987226891
0.98789916
0.988403361
0.988907563
0.989411765
0.989915966
0.990420168
0.99092437
0.991428571
0.991932773
0.992436975
0.992941176
0.993277311
0.993613445
0.99394958
0.994285714
0.994621849
0.994957983
0.995294118
0.995630252
0.995966387
0.996302521
0.996638655
0.99697479
0.997310924
0.997478992
0.997647059
0.997815126
0.997983193
0.998151261
0.998319328
0.998487395
0.998655462
0.998823529
0.998991597
0.999159664
0.999327731
0.999495798
0.999663866
0.999831933
1
0.031425016
0.061294337
0.086963286
0.110609832
0.133478531
0.155724953
0.177815806
0.199906658
0.220286248
0.240510268
0.258400747
0.275513379
0.292626011
0.309738643
0.326228998
0.342097075
0.357187306
0.371810828
0.38627878
0.400746733
0.414747978
0.427504667
0.439950218
0.45208463
0.464063472
0.476042315
0.487710019
0.499377722
0.510889857
0.522401991
0.533602987
0.544648413
0.555693839
0.566428127
0.576695706
0.586963286
0.597075296
0.607031736
0.616988177
0.626789048
0.63627878
0.645457374
0.654480398
0.663347853
0.672215308
0.680927194
0.689639079
0.697728687
0.705662726
0.713130056
0.720130678
0.726975731
0.733665215
0.740354698
0.746888612
0.753266957
0.759645302
0.765556938
0.771468575
0.777224642
0.782980709
0.788270068
0.793559428
0.798848787
0.804138146
0.808960797
0.813783447
0.818450529
0.822962041
0.827473553
0.831985065
0.836496577
0.840696951
0.844586185
0.84847542
0.852209085
0.85594275
0.859676416
0.863254512
0.866832607
0.870255134
0.87367766
0.877100187
0.880367144
0.883478531
0.886589919
0.889545737
0.892501556
0.895301805
0.898102054
0.900902302
0.903702551
0.906347231
0.90899191
0.911481021
0.913814561
0.916148102
0.918481643
0.920659614
0.922837586
0.925015557
0.927037959
0.929060361
0.931082763
0.933105165
0.934971998
0.93683883
0.938550093
0.940261357
0.94197262
0.943528314
0.945084007
0.946484132
0.947884256
0.949284381
0.950684505
0.95208463
0.953484754
0.954884879
0.956285003
0.957529558
0.958774113
0.960018668
0.961263223
0.962507778
0.963752334
0.964996889
0.966085874
0.96717486
0.968263846
0.969197262
0.970130678
0.971064095
0.971997511
0.972930927
0.973864343
0.97464219
0.975420037
0.976197884
0.976975731
0.977753578
0.978531425
0.979309272
0.980087119
0.980864966
0.981642813
0.98226509
0.982887368
0.983509645
0.984131923
0.9847542
0.985376478
0.985998755
0.986621033
0.987243311
0.987710019
0.988176727
0.988643435
0.989110143
0.989576851
0.990043559
0.990510268
0.990976976
0.991443684
0.991910392
0.9923771
0.992688239
0.992999378
0.993310516
0.993621655
0.993932794
0.994243933
0.994555072
0.99486621
0.995177349
0.995488488
0.995799627
0.996110765
0.996421904
0.996577474
0.996733043
0.996888612
0.997044182
0.997199751
0.99735532
0.99751089
0.997666459
0.997822029
0.997977598
0.998133167
0.998288737
0.998444306
0.998599876
0.998755445
0.998911014
0.999066584
0.999222153
0.999377722
0.999533292
0.999688861
0.999844431
1
