0.220989499
0.335024605
0.411883067
0.462511618
0.512451798
0.557665351
0.598789385
0.636096505
0.669309176
0.698864595
0.72778163
0.7564525
0.780617534
0.802442907
0.822956309
0.842820369
0.85720041
0.871349445
0.884087961
0.896367369
0.906506811
0.915391505
0.923927825
0.931691066
0.939424761
0.946695123
0.953145506
0.958537628
0.963770019
0.96823079
0.972618019
0.975665381
0.978641649
0.981594281
0.983811872
0.985788351
0.987573314
0.989278931
0.990969474
0.992062545
0.993045069
0.993738812
0.994422582
0.995083987
0.995604544
0.9960686
0.996520203
0.996894495
0.99726259
0.997619561
0.997896344
0.998149793
0.998354801
0.99851419
0.998631501
0.998744827
0.998855046
0.998961846
0.999066813
0.99917061
0.999263028
0.999354403
0.999416707
0.999476498
0.99952817
0.999576859
0.9996242
0.999667162
0.999700238
0.999733264
0.999762302
0.999790444
0.999818563
0.999842929
0.999863402
0.999880898
0.999896327
0.999909517
0.999920907
0.999932174
0.999942754
0.999953197
0.999963318
0.999972341
0.999977746
0.999982646
0.999986423
0.999990087
0.999993396
0.999996474
0.999997799
0.99999876
0.999999352
0.999999541
0.999999692
0.999999784
0.999999864
0.999999935
1
0.264778465
0.433507222
0.503179689
0.563617006
0.620751672
0.667426833
0.713480067
0.748774524
0.779832515
0.809134966
0.82976269
0.848598603
0.860526456
0.870776974
0.880699518
0.889721717
0.897540832
0.904573109
0.910931641
0.91698847
0.922876922
0.927860473
0.93249203
0.937014173
0.941265073
0.944709388
0.947986036
0.951112791
0.954085508
0.956862548
0.95937552
0.961551502
0.963615392
0.965403266
0.967183879
0.968787038
0.970354868
0.971710145
0.972928978
0.974146671
0.975357068
0.976557686
0.977591832
0.978573353
0.979541847
0.980442089
0.981329115
0.982198972
0.983060474
0.983861735
0.984564161
0.985257871
0.985935126
0.98660776
0.987227222
0.987838543
0.988441496
0.988995791
0.98951611
0.98999469
0.990460281
0.990909411
0.991313706
0.991709326
0.992075852
0.992434171
0.992791117
0.993143376
0.993480437
0.993806303
0.994125667
0.994443733
0.994749568
0.99505057
0.995343307
0.995632196
0.995869904
0.996082767
0.99628642
0.996486253
0.996666211
0.996817019
0.996966028
0.997114699
0.997262922
0.99740765
0.997540192
0.997670723
0.997801139
0.997919493
0.998034474
0.998148153
0.99826053
0.998345962
0.998426211
0.998504023
0.998568079
0.99862765
0.998686604
0.998744881
0.998802059
0.998857867
0.998913164
0.998965759
0.999018094
0.999067937
0.999116315
0.999164006
0.999210437
0.999256745
0.999302229
0.999344871
0.99938425
0.999422571
0.999459876
0.999492641
0.999521591
0.99954748
0.99957182
0.999595781
0.999619651
0.999642397
0.999663783
0.99968314
0.999702387
0.999720389
0.99973788
0.999753206
0.999766606
0.999778788
0.999790086
0.999800916
0.999811722
0.999822206
0.999832531
0.999842578
0.999852
0.999861372
0.99987068
0.999879716
0.999888751
0.999897171
0.999905081
0.999912809
0.999920053
0.999927229
0.999934022
0.999940467
0.999946644
0.999952791
0.999958717
0.999963239
0.999967117
0.999970813
0.999974269
0.999977423
0.999980281
0.999983066
0.999984749
0.999986328
0.999987812
0.999989162
0.999990507
0.999991723
0.999992884
0.999993833
0.999994757
0.999995621
0.999996347
0.999997069
0.999997763
0.999998239
0.999998674
0.999999053
0.999999382
0.999999609
0.999999751
0.999999877
0.999999913
0.99999994
0.99999996
0.999999975
0.999999984
0.99999999
0.999999996
1
1
0.353647311
0.453536146
0.538082844
0.601549315
0.636101817
0.665249738
0.69228741
0.716358555
0.735999624
0.755555581
0.773296513
0.790327953
0.802767645
0.815127152
0.827481913
0.838374316
0.848787079
0.85873031
0.86859792
0.878355852
0.886608424
0.894708509
0.902745168
0.910485627
0.918153524
0.924216714
0.929185428
0.934029393
0.937999922
0.941131529
0.944148183
0.947097943
0.949930737
0.952494141
0.954931989
0.957369048
0.959562365
0.961656997
0.963575868
0.965336559
0.967085913
0.968758696
0.970396311
0.971878371
0.973295654
0.974708374
0.976030037
0.977245157
0.978457564
0.979583912
0.98056923
0.981496533
0.982371474
0.983182249
0.983984418
0.984697826
0.985377945
0.986048103
0.986655261
0.987261212
0.987849134
0.988426803
0.988979353
0.989515463
0.990047583
0.990566793
0.991056069
0.991544471
0.992005232
0.992373516
0.992708503
0.993005342
0.993290225
0.99357252
0.993849077
0.99411584
0.994365782
0.994612914
0.99485901
0.995103999
0.995346532
0.995573471
0.995797815
0.996020159
0.9962177
0.996414275
0.996595742
0.99675529
0.996910372
0.997056208
0.997201122
0.997332885
0.99745962
0.997581811
0.997700776
0.997816122
0.997930371
0.998037381
0.998138891
0.998232785
0.998322137
0.998404523
0.998483091
0.998560908
0.998638459
0.998714016
0.998785704
0.998854226
0.99892207
0.998986633
0.999048617
0.999105973
0.999159099
0.999210323
0.999260987
0.999304801
0.999344683
0.999380241
0.99941309
0.999440808
0.999467761
0.999493815
0.999519807
0.999543569
0.999565394
0.999587064
0.999608524
0.999629231
0.999649115
0.999667703
0.999685478
0.999702195
0.999718896
0.999735021
0.999750587
0.999765654
0.999780631
0.999795069
0.999807936
0.99982074
0.999832727
0.999844595
0.999854847
0.999863959
0.999872957
0.999881926
0.999888998
0.999896005
0.999901696
0.999907296
0.999912755
0.999918214
0.99992354
0.999928728
0.999933884
0.999938665
0.999943376
0.999948057
0.999952318
0.999956373
0.999960274
0.999963272
0.999965968
0.999968568
0.99997116
0.999973744
0.999976021
0.999978231
0.99998005
0.999981764
0.999983417
0.999985016
0.999986508
0.999987895
0.99998925
0.999990547
0.999991595
0.999992518
0.999993367
0.999994134
0.999994805
0.999995318
0.999995812
0.999996268
0.999996694
0.99999712
0.999997544
0.999997959
0.999998367
0.999998762
0.999999123
0.999999455
0.999999675
0.999999882
0.999999938
0.999999972
0.99999998
0.999999987
0.999999993
0.999999996
0.999999998
0.999999999
1
1
1
0.108528985
0.182896082
0.245166866
0.306763962
0.353785847
0.397847675
0.43793872
0.475589982
0.512414152
0.548899222
0.577496539
0.601857937
0.626057426
0.648956894
0.671442487
0.693378997
0.714091021
0.734378444
0.753860748
0.77046505
0.786671441
0.802501015
0.818038428
0.828375106
0.838433512
0.847680441
0.856392796
0.864888497
0.872873588
0.880292157
0.887064718
0.893387689
0.899595086
0.905141673
0.910611817
0.915497104
0.920304499
0.92432406
0.928264427
0.932117276
0.935902919
0.939354137
0.942798155
0.945471869
0.947830466
0.950063202
0.952272629
0.954481724
0.95641571
0.958346297
0.960097578
0.961807943
0.963506573
0.965177422
0.9668344
0.968476311
0.970007132
0.971502896
0.972969661
0.974427843
0.975747646
0.976884769
0.97801901
0.979140762
0.980223121
0.981291518
0.982262001
0.983217789
0.984078039
0.984898596
0.98561729
0.986331933
0.98700844
0.987672141
0.988278011
0.988860525
0.989429207
0.989990887
0.990550309
0.991075156
0.991581426
0.99205418
0.992523937
0.992989147
0.993384196
0.993778565
0.994148203
0.994509692
0.994842191
0.995121924
0.995384523
0.995610306
0.995818951
0.996020049
0.996218338
0.99640425
0.99659011
0.996775391
0.996958954
0.997134811
0.997291381
0.997440168
0.997578586
0.997711915
0.997843158
0.997968055
0.998092015
0.998211825
0.998329669
0.998444482
0.998543977
0.998640884
0.998728237
0.998797785
0.998867196
0.998934615
0.998997942
0.999055806
0.999112176
0.999165751
0.999213627
0.999259094
0.999303719
0.999344794
0.999382298
0.999419415
0.999454698
0.999488316
0.999519895
0.999550778
0.999581067
0.999610482
0.999639738
0.999668166
0.999693886
0.999718919
0.999743764
0.999768013
0.999790842
0.99981334
0.999829108
0.999842229
0.999854639
0.999866905
0.99987873
0.999888901
0.999898101
0.99990643
0.999913648
0.999920269
0.999926568
0.999932382
0.99993808
0.999943723
0.999949365
0.999954269
0.999958914
0.999962603
0.999965978
0.999969039
0.999971947
0.999974625
0.999976987
0.999979161
0.999981094
0.999982937
0.999984687
0.999986414
0.999987943
0.999989303
0.999990659
0.999991953
0.999993052
0.999994075
0.999995071
0.999995755
0.999996386
0.99999691
0.999997396
0.999997866
0.99999825
0.999998608
0.999998901
0.999999079
0.99999925
0.999999412
0.999999531
0.999999635
0.999999714
0.999999788
0.999999863
0.999999917
0.999999955
0.999999989
0.999999995
0.999999996
0.999999998
0.999999999
0.999999999
1
1
1
