0.035633626
0.066122961
0.096235885
0.126348808
0.153952321
0.180677541
0.206398996
0.230614806
0.254705144
0.278419072
0.301882058
0.325345044
0.348431619
0.3706399
0.391718946
0.412672522
0.433124216
0.452195734
0.470138018
0.486198243
0.501380176
0.51455458
0.527603513
0.538895859
0.549560853
0.559598494
0.567252196
0.574780427
0.582057716
0.589335006
0.596486826
0.603638645
0.610664994
0.617565872
0.62434128
0.630991217
0.637641154
0.644291092
0.650690088
0.657089084
0.662986198
0.668883312
0.674780427
0.68055207
0.686323714
0.692095358
0.697867001
0.703387704
0.708908407
0.714303639
0.7195734
0.724843162
0.729736512
0.734504391
0.739272271
0.744040151
0.74868256
0.753324969
0.757841907
0.762358846
0.766875784
0.771267252
0.77565872
0.780050188
0.784316186
0.788456713
0.792471769
0.796486826
0.800376412
0.804140527
0.807779172
0.811292346
0.814805521
0.818318695
0.82183187
0.825219573
0.828607277
0.831869511
0.834880803
0.837892095
0.840903388
0.84378921
0.846549561
0.849309912
0.852070263
0.854830615
0.857590966
0.860225847
0.862860728
0.865495609
0.868005019
0.870514429
0.873023839
0.875407779
0.877791719
0.880175659
0.882559598
0.884818068
0.887076537
0.889335006
0.891593476
0.893851945
0.895984944
0.898117942
0.900250941
0.902258469
0.904265997
0.906273526
0.908281054
0.910163112
0.912045169
0.913927227
0.915809285
0.917691343
0.9195734
0.921455458
0.923337516
0.925219573
0.927101631
0.928858218
0.930614806
0.932371393
0.93412798
0.935884567
0.937641154
0.939397742
0.941154329
0.942910916
0.944667503
0.94629862
0.947929737
0.949560853
0.95119197
0.952823087
0.954454203
0.955959849
0.957465496
0.958971142
0.960476788
0.961856964
0.963237139
0.964617315
0.96587202
0.967126725
0.96838143
0.969636136
0.970890841
0.972145546
0.973400251
0.974529486
0.97565872
0.976787955
0.977917189
0.979046424
0.980050188
0.981053952
0.982057716
0.983061481
0.984065245
0.984943538
0.985821832
0.986700125
0.987578419
0.988456713
0.989209536
0.989962359
0.990589711
0.991217064
0.991844417
0.992471769
0.993099122
0.993601004
0.994102886
0.994604768
0.99510665
0.995608532
0.996110414
0.996612296
0.996988708
0.997365119
0.997741531
0.998117942
0.998494354
0.998870765
0.999121706
0.999372647
0.999498118
0.999623588
0.999749059
0.999874529
1
0.012947474
0.025560388
0.03810639
0.050317832
0.06222817
0.073971228
0.085547006
0.097089328
0.108430913
0.119638675
0.130779525
0.141886919
0.152827032
0.163700234
0.174305788
0.184911342
0.195449983
0.205921713
0.216159251
0.226028772
0.235797926
0.245232519
0.254633657
0.264034794
0.27336902
0.282402141
0.291368351
0.300200736
0.309033121
0.317865507
0.326530612
0.335195718
0.343793911
0.352157912
0.360455002
0.368685179
0.376748076
0.384710606
0.392539311
0.400234192
0.407728337
0.415222482
0.422348612
0.429441285
0.436533958
0.443626631
0.450719304
0.457711609
0.464670458
0.471595851
0.478454333
0.485245902
0.492037471
0.498762128
0.505453329
0.512077618
0.518601539
0.524824356
0.531013717
0.53710271
0.543158247
0.549180328
0.555168953
0.561090666
0.566978923
0.572833724
0.578588157
0.584309133
0.589996654
0.595483439
0.600936768
0.606323185
0.611508866
0.616627635
0.621746403
0.626865172
0.631950485
0.637035798
0.642087655
0.647106056
0.652091
0.657042489
0.661960522
0.666845099
0.671729675
0.67654734
0.681365005
0.686082302
0.690766143
0.695282703
0.699765808
0.704215457
0.708631649
0.713014386
0.717397123
0.721746403
0.726095684
0.730411509
0.734693878
0.73894279
0.743124791
0.74723988
0.751354968
0.755336233
0.759250585
0.763131482
0.767012379
0.770893275
0.774740716
0.778554701
0.782268317
0.785948478
0.789494814
0.793041151
0.796520575
0.8
0.803445969
0.806858481
0.810270994
0.81365005
0.816895283
0.820140515
0.823385748
0.82663098
0.829842757
0.833021077
0.836199398
0.839344262
0.842489127
0.845600535
0.848678488
0.85175644
0.854767481
0.857745065
0.86072265
0.863700234
0.866677819
0.869621947
0.872566076
0.875510204
0.878420877
0.881331549
0.884242221
0.887085982
0.889929742
0.892706591
0.895483439
0.898260288
0.900936768
0.903579793
0.906155905
0.908732017
0.911241218
0.913750418
0.916226163
0.918668451
0.921010371
0.923318836
0.925593844
0.92780194
0.929976581
0.932117765
0.934258949
0.936366678
0.938474406
0.940548678
0.942622951
0.944697223
0.946604215
0.948444296
0.950284376
0.952091
0.953864169
0.955603881
0.957243225
0.958849113
0.960421546
0.961960522
0.963365674
0.964770826
0.966142523
0.967480763
0.968752091
0.969989963
0.971194379
0.972398796
0.973569756
0.974740716
0.97587822
0.977015724
0.978119772
0.979190365
0.980260957
0.981298093
0.982335229
0.983305453
0.984242221
0.985145534
0.986048846
0.986952158
0.98785547
0.988725326
0.989561726
0.990331214
0.991100703
0.991870191
0.992606223
0.993308799
0.993977919
0.994613583
0.995182335
0.995684175
0.996186015
0.996654399
0.997089328
0.997524256
0.997925728
0.9983272
0.99866176
0.998962864
0.999197056
0.999431248
0.999631984
0.999799264
0.999899632
0.999966544
1
0.010836666
0.02159226
0.032212734
0.042698087
0.05285915
0.062939142
0.072775916
0.082531618
0.092125176
0.101718733
0.111231218
0.120716679
0.130175116
0.139579505
0.14895687
0.158253162
0.167495406
0.176602529
0.185547508
0.194465463
0.203302346
0.212112204
0.220922062
0.229677873
0.238352611
0.246730083
0.255053508
0.263322884
0.27159226
0.279780564
0.287941844
0.2960761
0.304129283
0.311858177
0.319560048
0.327261918
0.334936764
0.342503513
0.350043239
0.35755594
0.365014593
0.37236515
0.379688682
0.386904118
0.394092531
0.401253918
0.40830721
0.415225381
0.422116528
0.428926603
0.435682629
0.442438655
0.449059561
0.455680467
0.462301373
0.46886823
0.475435088
0.481974922
0.488433683
0.494892444
0.501324181
0.507728894
0.514025511
0.520322127
0.526429575
0.532374878
0.538320182
0.544265485
0.550129716
0.55588585
0.561533888
0.567154902
0.572775916
0.57839693
0.583963896
0.589503837
0.594989731
0.600394552
0.605799373
0.61117717
0.616554967
0.62190574
0.627229489
0.632526213
0.637795914
0.643065615
0.648308291
0.653523943
0.658712572
0.663847152
0.668927683
0.673954167
0.678926603
0.683872014
0.688790401
0.693600692
0.698410983
0.703140201
0.707734299
0.712220301
0.716679278
0.721084207
0.725354016
0.729623824
0.733839585
0.738028321
0.742190034
0.746297698
0.750351313
0.754296833
0.758242352
0.762187872
0.766106367
0.769997838
0.773889309
0.777726732
0.781429035
0.785077289
0.788671495
0.792211653
0.795697762
0.799129824
0.802561885
0.805966922
0.80937196
0.812776997
0.81615501
0.819478975
0.82280294
0.826126905
0.82945087
0.832747811
0.835990704
0.839206572
0.842395417
0.845584261
0.848692033
0.851772781
0.854853529
0.857934277
0.861015025
0.864068749
0.867068425
0.870068101
0.873040752
0.876013404
0.878959031
0.881850611
0.88474219
0.887633769
0.890444276
0.893254783
0.89606529
0.898875797
0.901632256
0.904361691
0.907010053
0.909658415
0.912279754
0.914901092
0.91752243
0.920143768
0.922711058
0.925197276
0.927602421
0.929980543
0.932358664
0.934574641
0.936763593
0.938952546
0.941114474
0.943141282
0.945141066
0.94714085
0.949086585
0.950951249
0.952815912
0.954653551
0.95635607
0.957977516
0.959598962
0.961193384
0.962733759
0.964166036
0.965598314
0.967003567
0.968381797
0.969733002
0.971057183
0.972327316
0.973597449
0.974840558
0.976083667
0.977299751
0.978434764
0.979569776
0.980704789
0.981839801
0.982947789
0.984055778
0.985136742
0.986190682
0.987217598
0.988136418
0.988893093
0.989649768
0.990379418
0.991109069
0.991811696
0.992487299
0.993162901
0.99381148
0.994460058
0.995081613
0.995703167
0.996162577
0.996621987
0.997054373
0.997459734
0.997865096
0.998270457
0.998675819
0.999000108
0.999297373
0.999567614
0.999783807
0.999864879
0.999945952
0.999972976
1
0.011210762
0.021973094
0.032656291
0.043260353
0.053706146
0.063993669
0.074096544
0.08419942
0.094170404
0.104035874
0.113874967
0.123661303
0.133342126
0.142943814
0.152519124
0.162068056
0.171590609
0.181113163
0.19058296
0.199973622
0.209100501
0.218227381
0.22735426
0.236454761
0.245449749
0.254339224
0.263175943
0.271775257
0.280348193
0.288894751
0.297441308
0.305935109
0.314217884
0.322395146
0.33054603
0.338512266
0.346452123
0.354365603
0.362173569
0.369823266
0.377367449
0.384832498
0.39224479
0.399604326
0.406911105
0.414059615
0.421102611
0.427934582
0.434740174
0.441519388
0.448245845
0.454840412
0.461382221
0.467897652
0.474413084
0.480928515
0.48739119
0.493695595
0.499920865
0.506093379
0.512239515
0.51838565
0.524505408
0.530598787
0.536639409
0.542680032
0.548694276
0.554629385
0.560538117
0.56642047
0.572223688
0.578026906
0.583830124
0.589554207
0.595225534
0.600870483
0.606515431
0.612054867
0.617594302
0.623133738
0.628620417
0.634080717
0.639541018
0.644869428
0.650092324
0.655262464
0.660379847
0.665365339
0.670324453
0.675178053
0.679978897
0.684700607
0.689422316
0.693985756
0.698549195
0.703086257
0.707544184
0.711975732
0.71640728
0.720627803
0.724795568
0.728910578
0.73297283
0.737008705
0.741018201
0.745001319
0.748958059
0.752914798
0.756818781
0.760696386
0.764547613
0.768398839
0.772223688
0.776022158
0.779767871
0.783487207
0.787180164
0.790741229
0.794302295
0.797863361
0.801398048
0.804932735
0.808441045
0.811949354
0.815457663
0.818939594
0.82234239
0.825692429
0.828936956
0.832181482
0.835399631
0.838617779
0.841835927
0.845027697
0.848193089
0.851332102
0.854444738
0.857478238
0.86048536
0.863439726
0.866341335
0.869216566
0.872091796
0.874940649
0.877736745
0.880506463
0.88327618
0.885940385
0.888578212
0.891216038
0.893827486
0.896386178
0.898918491
0.901398048
0.903877605
0.906330783
0.908757584
0.911184384
0.913584806
0.915932472
0.918253759
0.920548668
0.922711686
0.924848325
0.926984964
0.929095226
0.931073595
0.933051965
0.935003957
0.936955948
0.93890794
0.940807175
0.942600897
0.944368241
0.946135584
0.94787655
0.949617515
0.951358481
0.953073068
0.954787655
0.956502242
0.958111316
0.959667634
0.961197573
0.962701134
0.964178317
0.965629122
0.967053548
0.968451596
0.969823266
0.971194935
0.972540227
0.973832762
0.975098918
0.976259562
0.977367449
0.978448958
0.979530467
0.980585597
0.981640728
0.982695859
0.983645476
0.984568715
0.98541282
0.986256924
0.98707465
0.987892377
0.988683725
0.989448694
0.990213664
0.990952255
0.991664468
0.992376682
0.993062516
0.993669217
0.994249538
0.99482986
0.995357425
0.995884991
0.996386178
0.996887365
0.997388552
0.997889739
0.998364548
0.998839356
0.999287787
0.999498813
0.999709839
0.999868109
0.999947243
1
