0.19805362
0.274806588
0.334611715
0.38069777
0.423862012
0.463231725
0.501902854
0.540387787
0.578313184
0.612192811
0.645799706
0.67565422
0.701892293
0.727430901
0.749847615
0.768588699
0.787128714
0.805267689
0.822135227
0.836652783
0.849743463
0.862624148
0.8752204
0.887590584
0.899153356
0.910266495
0.920479331
0.928875159
0.936461939
0.94097411
0.945390659
0.949458826
0.952778671
0.955778567
0.958657979
0.96141865
0.963800555
0.966160055
0.968490779
0.970744111
0.972943695
0.974951879
0.976632614
0.978196814
0.979738313
0.981081154
0.982315827
0.98350721
0.984590601
0.985595966
0.986412993
0.98722397
0.98792986
0.988576136
0.989200276
0.989790534
0.990333943
0.990821517
0.99128297
0.991738421
0.992190728
0.992631356
0.993056994
0.99343314
0.993738168
0.994031937
0.994324461
0.99457944
0.994826146
0.995061161
0.995290012
0.995511075
0.995730063
0.995931372
0.996102491
0.996267488
0.996427056
0.996582836
0.996728101
0.996870825
0.997008742
0.997143431
0.997277203
0.997402471
0.997517677
0.997628815
0.997737493
0.997844335
0.997950484
0.998055853
0.998159193
0.99825679
0.998352953
0.998446501
0.998536743
0.998620974
0.998700892
0.998779914
0.99885729
0.998925647
0.998992868
0.999054554
0.999116043
0.999175899
0.999227971
0.999280024
0.99932205
0.999359538
0.99939675
0.999429871
0.999460539
0.999488636
0.999516394
0.999542364
0.999566253
0.999589631
0.999612341
0.999633996
0.999654873
0.999673663
0.999691297
0.999706048
0.999719806
0.999733325
0.999746719
0.99975983
0.99977292
0.999785246
0.999797315
0.999809113
0.999820661
0.999830892
0.999841011
0.999850477
0.999859782
0.999868781
0.999876898
0.999885002
0.999892239
0.999899047
0.999905826
0.999911649
0.999917061
0.999922459
0.999927339
0.999932034
0.99993646
0.999940785
0.999945087
0.99994933
0.999953518
0.999957396
0.999961138
0.999964563
0.999967981
0.99997078
0.999973427
0.999975963
0.999978248
0.999980473
0.999982633
0.999984127
0.999985538
0.999986922
0.999988205
0.999989477
0.999990624
0.999991756
0.999992864
0.999993908
0.999994906
0.999995651
0.999996307
0.999996939
0.999997475
0.999997873
0.999998214
0.999998508
0.999998765
0.999999011
0.999999202
0.99999939
0.999999569
0.999999692
0.999999779
0.99999984
0.999999888
0.999999932
0.999999969
0.999999997
1
0.166119697
0.26639293
0.347353422
0.397431799
0.447071907
0.495489786
0.541076345
0.578009332
0.614909172
0.650187586
0.682471859
0.704717738
0.726139108
0.746983442
0.766170109
0.780985103
0.793027734
0.80246621
0.811618656
0.820296128
0.828823442
0.836764733
0.84424728
0.85154951
0.858158556
0.864328899
0.8703525
0.875770532
0.881121583
0.886354002
0.891434596
0.896422432
0.901253109
0.905839933
0.910242504
0.914627821
0.918948772
0.923087501
0.927063997
0.93098183
0.93423738
0.937380055
0.940417864
0.943039212
0.945623525
0.94799479
0.950049474
0.952097581
0.954141435
0.956183557
0.958108276
0.960019763
0.961824329
0.963449111
0.965046975
0.966560658
0.967921679
0.969253228
0.97054149
0.971759375
0.972938542
0.974087216
0.975191205
0.976271294
0.977299393
0.978315811
0.979241903
0.980140266
0.980981797
0.98175309
0.982501056
0.983193111
0.983859092
0.98447123
0.985040335
0.985603742
0.986164723
0.986712739
0.987260411
0.987777215
0.988289225
0.988789858
0.989267745
0.989739573
0.990137762
0.990533249
0.990927969
0.991278868
0.991594902
0.991900322
0.992205539
0.992505912
0.99279553
0.993076367
0.99335203
0.993608049
0.993856652
0.994103396
0.994334781
0.994550321
0.994764896
0.994958953
0.995148374
0.995334811
0.995513232
0.995690598
0.995852578
0.996012997
0.996171354
0.996303447
0.996434715
0.996563291
0.996688839
0.996813244
0.996936994
0.997058829
0.99717582
0.997292531
0.997401262
0.99750223
0.997602232
0.997701762
0.997795865
0.997886267
0.997973552
0.998057218
0.998139715
0.998216022
0.998290625
0.998361361
0.998427548
0.998492683
0.998557163
0.998620719
0.998684049
0.998746774
0.998807351
0.998865475
0.998921853
0.998976008
0.999030113
0.999082115
0.999133114
0.999178033
0.999221572
0.999264848
0.999306349
0.999345953
0.999382741
0.999418787
0.999454086
0.999488695
0.999523302
0.999557586
0.999587314
0.99961371
0.999637469
0.999660752
0.999683784
0.999705396
0.99972232
0.999738459
0.999753808
0.999769131
0.999784046
0.999797122
0.99980994
0.999822748
0.999834543
0.999845763
0.99985641
0.999865387
0.999873682
0.999881425
0.99988866
0.999895748
0.999902581
0.999909414
0.999915581
0.999921095
0.999926454
0.99993144
0.999936307
0.999940879
0.999945379
0.999949782
0.999953909
0.99995769
0.999961135
0.999964512
0.999967724
0.999970633
0.999972953
0.999975054
0.999976858
0.999978628
0.999980385
0.999982054
0.999983715
0.99998536
0.999986855
0.999988225
0.999989356
0.999990435
0.999991497
0.999992454
0.999993285
0.999994051
0.999994801
0.999995502
0.99999619
0.999996836
0.999997381
0.999997857
0.999998194
0.999998522
0.99999881
0.999999086
0.999999334
0.999999563
0.999999707
0.999999786
0.999999859
0.999999925
0.999999962
0.999999985
1
0.166287414
0.253584617
0.32092889
0.361778093
0.399542069
0.432934803
0.466039486
0.498552299
0.529029025
0.558550611
0.586340171
0.613540529
0.636360694
0.658668464
0.67852163
0.695525789
0.712054804
0.728517048
0.744252647
0.75840866
0.770906383
0.781742689
0.792354607
0.802929643
0.812434442
0.82140124
0.830238473
0.83815802
0.845460352
0.852481652
0.859401914
0.864902282
0.870268446
0.875332695
0.880225154
0.884992211
0.889056152
0.893095912
0.896862989
0.900625435
0.904331747
0.908017413
0.911675846
0.915249106
0.91858984
0.921855138
0.925068823
0.928201254
0.931209244
0.934064878
0.936792062
0.939394592
0.941738729
0.943994387
0.946247353
0.948366105
0.950422964
0.952172463
0.953861803
0.955499016
0.957078546
0.958592312
0.960046773
0.961351222
0.962614206
0.963872514
0.965126389
0.966310467
0.967425235
0.968530141
0.96962207
0.970624655
0.971606159
0.972568542
0.973507147
0.97442097
0.975306856
0.976175162
0.977021038
0.977852401
0.978678621
0.979447562
0.980213464
0.980947825
0.981671121
0.982368151
0.983062137
0.983751167
0.984421816
0.985089081
0.985694799
0.986286852
0.986847218
0.987390248
0.987919346
0.988437286
0.988935307
0.98940926
0.989877428
0.990328827
0.990769412
0.991154531
0.99153895
0.991899804
0.992237949
0.99251865
0.992792459
0.993059224
0.993313355
0.993566018
0.993792292
0.994018558
0.994244585
0.994460544
0.99467124
0.994876167
0.995072148
0.995266817
0.995457583
0.995645353
0.995829689
0.996007872
0.996180074
0.99634351
0.996505714
0.996666131
0.996812411
0.996956606
0.997098046
0.997238515
0.997356836
0.997474482
0.99758603
0.997693621
0.997797094
0.997893258
0.997985425
0.998075564
0.998164311
0.998252162
0.998338109
0.998422164
0.998504539
0.998585422
0.998665581
0.998741015
0.998810344
0.998878821
0.998945877
0.999012065
0.999077741
0.999141025
0.999193472
0.999245434
0.999291962
0.999336714
0.999381357
0.99942493
0.999468481
0.999510658
0.999547326
0.999576357
0.999604941
0.999630534
0.999655302
0.999679218
0.999702875
0.999723111
0.999742035
0.999760775
0.999779057
0.999795476
0.999810638
0.999825209
0.999839139
0.999849944
0.999859257
0.99986828
0.999877191
0.999885879
0.999893085
0.999899918
0.999906694
0.999913366
0.999919729
0.999925683
0.999931506
0.999937154
0.999942608
0.999948009
0.999953265
0.999958223
0.999962707
0.999966672
0.999970259
0.999973305
0.99997635
0.999979317
0.99998199
0.999984641
0.999987267
0.999989581
0.999990967
0.99999233
0.999993351
0.999994332
0.999994962
0.99999552
0.999996036
0.999996531
0.999997004
0.999997473
0.999997846
0.999998144
0.99999843
0.999998683
0.999998918
0.999999142
0.999999354
0.999999521
0.999999678
0.999999761
0.999999842
0.999999918
0.999999952
0.999999982
0.999999998
0.999999999
1
1
0.160552868
0.242302264
0.300900994
0.352822449
0.390682681
0.427194948
0.460324879
0.489564253
0.517446215
0.544501294
0.568879129
0.590485635
0.610615891
0.630336911
0.64983633
0.669294501
0.688739906
0.707985597
0.727172474
0.746023765
0.763709177
0.780991292
0.794096918
0.806958226
0.817278831
0.827144608
0.836027867
0.843670377
0.850721091
0.85661311
0.86242137
0.868158969
0.872689979
0.876940862
0.881073892
0.885149929
0.889079352
0.892858959
0.896411632
0.899961009
0.903416971
0.906622169
0.909811082
0.912979121
0.916022448
0.918998964
0.921948251
0.924821638
0.92761979
0.930367478
0.93303071
0.935531241
0.937916091
0.940265974
0.942613674
0.944919873
0.946934301
0.948776142
0.950605225
0.952432434
0.954235894
0.955985122
0.957709028
0.959347057
0.960827551
0.96228598
0.963661646
0.965033197
0.966324119
0.967584968
0.968838935
0.970086486
0.971272225
0.972357042
0.973438786
0.974510912
0.975553924
0.976556012
0.977526195
0.978405753
0.979212522
0.97999488
0.980728719
0.981456805
0.982123508
0.982789206
0.98342273
0.984042749
0.984623147
0.985201373
0.985778463
0.986341752
0.986881782
0.987388629
0.987879754
0.988322517
0.988762307
0.989184536
0.989587628
0.989989687
0.990385683
0.990772584
0.991124723
0.991457364
0.991788654
0.992117064
0.992436591
0.992741662
0.99303306
0.99332302
0.993606643
0.9938666
0.994121986
0.994376634
0.994631226
0.994885779
0.995139356
0.995364837
0.995571709
0.995774868
0.99596242
0.996143142
0.996313639
0.996477571
0.996638648
0.99678923
0.996938536
0.997080794
0.997221942
0.997361275
0.997495869
0.997629645
0.997762635
0.997881417
0.997995819
0.998110135
0.998213567
0.998314333
0.998410851
0.998503445
0.998590258
0.998676293
0.998761828
0.998839258
0.998906733
0.998968079
0.999025931
0.999082777
0.999138943
0.999194625
0.999244217
0.999289225
0.999333673
0.999376291
0.999418539
0.999460013
0.999500957
0.999540719
0.999578422
0.999615584
0.999648917
0.999678997
0.999703309
0.999727563
0.999751617
0.999771809
0.999789042
0.999806212
0.999818865
0.999830859
0.999841552
0.999851498
0.999860748
0.99986982
0.999878642
0.999887276
0.999895881
0.999903687
0.999910982
0.999917319
0.99992363
0.999929853
0.999935563
0.999940227
0.999944575
0.999948889
0.999952987
0.999956926
0.999960154
0.999963204
0.999966201
0.999969121
0.999971876
0.99997447
0.999977056
0.999979517
0.999981746
0.999983623
0.999985446
0.999986973
0.999988176
0.999989206
0.999990224
0.999991189
0.999992027
0.999992859
0.999993677
0.999994401
0.999995083
0.999995722
0.999996304
0.999996788
0.999997243
0.999997671
0.999998059
0.999998417
0.999998684
0.999998943
0.999999191
0.999999369
0.999999532
0.999999658
0.999999752
0.999999825
0.99999987
0.999999909
0.999999948
0.999999979
0.999999998
1
1
