0.005235602
0.010471204
0.015706806
0.020942408
0.02617801
0.031413613
0.036649215
0.041884817
0.047120419
0.052356021
0.057591623
0.062827225
0.068062827
0.073298429
0.078534031
0.083769634
0.089005236
0.094240838
0.09947644
0.104712042
0.109947644
0.115183246
0.120418848
0.12565445
0.130890052
0.136125654
0.141361257
0.146596859
0.151832461
0.157068063
0.162303665
0.167539267
0.172774869
0.178010471
0.183246073
0.188481675
0.193717277
0.19895288
0.204188482
0.209424084
0.214659686
0.219895288
0.22513089
0.230366492
0.235602094
0.240837696
0.246073298
0.251308901
0.256544503
0.261780105
0.267015707
0.272251309
0.277486911
0.282722513
0.287958115
0.293193717
0.298429319
0.303664921
0.308900524
0.314136126
0.319371728
0.32460733
0.329842932
0.335078534
0.340314136
0.345549738
0.35078534
0.356020942
0.361256545
0.366492147
0.371727749
0.376963351
0.382198953
0.387434555
0.392670157
0.397905759
0.403141361
0.408376963
0.413612565
0.418848168
0.42408377
0.429319372
0.434554974
0.439790576
0.445026178
0.45026178
0.455497382
0.460732984
0.465968586
0.471204188
0.476439791
0.481675393
0.486910995
0.492146597
0.497382199
0.502617801
0.507853403
0.513089005
0.518324607
0.523560209
0.528795812
0.534031414
0.539267016
0.544502618
0.54973822
0.554973822
0.560209424
0.565445026
0.570680628
0.57591623
0.581151832
0.586387435
0.591623037
0.596858639
0.602094241
0.607329843
0.612565445
0.617801047
0.623036649
0.628272251
0.633507853
0.638743455
0.643979058
0.64921466
0.654450262
0.659685864
0.664921466
0.670157068
0.67539267
0.680628272
0.685863874
0.691099476
0.696335079
0.701570681
0.706806283
0.712041885
0.717277487
0.722513089
0.727748691
0.732984293
0.738219895
0.743455497
0.748691099
0.753926702
0.759162304
0.764397906
0.769633508
0.77486911
0.780104712
0.785340314
0.790575916
0.795811518
0.80104712
0.806282723
0.811518325
0.816753927
0.821989529
0.827225131
0.832460733
0.837696335
0.842931937
0.848167539
0.853403141
0.858638743
0.863874346
0.869109948
0.87434555
0.879581152
0.884816754
0.890052356
0.895287958
0.90052356
0.905759162
0.910994764
0.916230366
0.921465969
0.926701571
0.931937173
0.937172775
0.942408377
0.947643979
0.952879581
0.958115183
0.963350785
0.968586387
0.97382199
0.979057592
0.984293194
0.989528796
0.994764398
1
0.004405286
0.008810573
0.013215859
0.017621145
0.022026432
0.026431718
0.030837004
0.035242291
0.039647577
0.044052863
0.04845815
0.052863436
0.057268722
0.061674009
0.066079295
0.070484581
0.074889868
0.079295154
0.083700441
0.088105727
0.092511013
0.0969163
0.101321586
0.105726872
0.110132159
0.114537445
0.118942731
0.123348018
0.127753304
0.13215859
0.136563877
0.140969163
0.145374449
0.149779736
0.154185022
0.158590308
0.162995595
0.167400881
0.171806167
0.176211454
0.18061674
0.185022026
0.189427313
0.193832599
0.198237885
0.202643172
0.207048458
0.211453744
0.215859031
0.220264317
0.224669604
0.22907489
0.233480176
0.237885463
0.242290749
0.246696035
0.251101322
0.255506608
0.259911894
0.264317181
0.268722467
0.273127753
0.27753304
0.281938326
0.286343612
0.290748899
0.295154185
0.299559471
0.303964758
0.308370044
0.31277533
0.317180617
0.321585903
0.325991189
0.330396476
0.334801762
0.339207048
0.343612335
0.348017621
0.352422907
0.356828194
0.36123348
0.365638767
0.370044053
0.374449339
0.378854626
0.383259912
0.387665198
0.392070485
0.396475771
0.400881057
0.405286344
0.40969163
0.414096916
0.418502203
0.422907489
0.427312775
0.431718062
0.436123348
0.440528634
0.444933921
0.449339207
0.453744493
0.45814978
0.462555066
0.466960352
0.471365639
0.475770925
0.480176211
0.484581498
0.488986784
0.49339207
0.497797357
0.502202643
0.50660793
0.511013216
0.515418502
0.519823789
0.524229075
0.528634361
0.533039648
0.537444934
0.54185022
0.546255507
0.550660793
0.555066079
0.559471366
0.563876652
0.568281938
0.572687225
0.577092511
0.581497797
0.585903084
0.59030837
0.594713656
0.599118943
0.603524229
0.607929515
0.612334802
0.616740088
0.621145374
0.625550661
0.629955947
0.634361233
0.63876652
0.643171806
0.647577093
0.651982379
0.656387665
0.660792952
0.665198238
0.669603524
0.674008811
0.678414097
0.682819383
0.68722467
0.691629956
0.696035242
0.700440529
0.704845815
0.709251101
0.713656388
0.718061674
0.72246696
0.726872247
0.731277533
0.735682819
0.740088106
0.744493392
0.748898678
0.753303965
0.757709251
0.762114537
0.766519824
0.77092511
0.775330396
0.779735683
0.784140969
0.788546256
0.792951542
0.797356828
0.801762115
0.806167401
0.810572687
0.814977974
0.81938326
0.823788546
0.828193833
0.832599119
0.837004405
0.841409692
0.845814978
0.850220264
0.854625551
0.859030837
0.863436123
0.86784141
0.872246696
0.876651982
0.881057269
0.885462555
0.889867841
0.894273128
0.898678414
0.9030837
0.907488987
0.911894273
0.916299559
0.920704846
0.925110132
0.929515419
0.933920705
0.938325991
0.942731278
0.947136564
0.95154185
0.955947137
0.960352423
0.964757709
0.969162996
0.973568282
0.977973568
0.982378855
0.986784141
0.991189427
0.995594714
1
0.004347826
0.008695652
0.013043478
0.017391304
0.02173913
0.026086957
0.030434783
0.034782609
0.039130435
0.043478261
0.047826087
0.052173913
0.056521739
0.060869565
0.065217391
0.069565217
0.073913043
0.07826087
0.082608696
0.086956522
0.091304348
0.095652174
0.1
0.104347826
0.108695652
0.113043478
0.117391304
0.12173913
0.126086957
0.130434783
0.134782609
0.139130435
0.143478261
0.147826087
0.152173913
0.156521739
0.160869565
0.165217391
0.169565217
0.173913043
0.17826087
0.182608696
0.186956522
0.191304348
0.195652174
0.2
0.204347826
0.208695652
0.213043478
0.217391304
0.22173913
0.226086957
0.230434783
0.234782609
0.239130435
0.243478261
0.247826087
0.252173913
0.256521739
0.260869565
0.265217391
0.269565217
0.273913043
0.27826087
0.282608696
0.286956522
0.291304348
0.295652174
0.3
0.304347826
0.308695652
0.313043478
0.317391304
0.32173913
0.326086957
0.330434783
0.334782609
0.339130435
0.343478261
0.347826087
0.352173913
0.356521739
0.360869565
0.365217391
0.369565217
0.373913043
0.37826087
0.382608696
0.386956522
0.391304348
0.395652174
0.4
0.404347826
0.408695652
0.413043478
0.417391304
0.42173913
0.426086957
0.430434783
0.434782609
0.439130435
0.443478261
0.447826087
0.452173913
0.456521739
0.460869565
0.465217391
0.469565217
0.473913043
0.47826087
0.482608696
0.486956522
0.491304348
0.495652174
0.5
0.504347826
0.508695652
0.513043478
0.517391304
0.52173913
0.526086957
0.530434783
0.534782609
0.539130435
0.543478261
0.547826087
0.552173913
0.556521739
0.560869565
0.565217391
0.569565217
0.573913043
0.57826087
0.582608696
0.586956522
0.591304348
0.595652174
0.6
0.604347826
0.608695652
0.613043478
0.617391304
0.62173913
0.626086957
0.630434783
0.634782609
0.639130435
0.643478261
0.647826087
0.652173913
0.656521739
0.660869565
0.665217391
0.669565217
0.673913043
0.67826087
0.682608696
0.686956522
0.691304348
0.695652174
0.7
0.704347826
0.708695652
0.713043478
0.717391304
0.72173913
0.726086957
0.730434783
0.734782609
0.739130435
0.743478261
0.747826087
0.752173913
0.756521739
0.760869565
0.765217391
0.769565217
0.773913043
0.77826087
0.782608696
0.786956522
0.791304348
0.795652174
0.8
0.804347826
0.808695652
0.813043478
0.817391304
0.82173913
0.826086957
0.830434783
0.834782609
0.839130435
0.843478261
0.847826087
0.852173913
0.856521739
0.860869565
0.865217391
0.869565217
0.873913043
0.87826087
0.882608696
0.886956522
0.891304348
0.895652174
0.9
0.904347826
0.908695652
0.913043478
0.917391304
0.92173913
0.926086957
0.930434783
0.934782609
0.939130435
0.943478261
0.947826087
0.952173913
0.956521739
0.960869565
0.965217391
0.969565217
0.973913043
0.97826087
0.982608696
0.986956522
0.991304348
0.995652174
1
0.004329004
0.008658009
0.012987013
0.017316017
0.021645022
0.025974026
0.03030303
0.034632035
0.038961039
0.043290043
0.047619048
0.051948052
0.056277056
0.060606061
0.064935065
0.069264069
0.073593074
0.077922078
0.082251082
0.086580087
0.090909091
0.095238095
0.0995671
0.103896104
0.108225108
0.112554113
0.116883117
0.121212121
0.125541126
0.12987013
0.134199134
0.138528139
0.142857143
0.147186147
0.151515152
0.155844156
0.16017316
0.164502165
0.168831169
0.173160173
0.177489177
0.181818182
0.186147186
0.19047619
0.194805195
0.199134199
0.203463203
0.207792208
0.212121212
0.216450216
0.220779221
0.225108225
0.229437229
0.233766234
0.238095238
0.242424242
0.246753247
0.251082251
0.255411255
0.25974026
0.264069264
0.268398268
0.272727273
0.277056277
0.281385281
0.285714286
0.29004329
0.294372294
0.298701299
0.303030303
0.307359307
0.311688312
0.316017316
0.32034632
0.324675325
0.329004329
0.333333333
0.337662338
0.341991342
0.346320346
0.350649351
0.354978355
0.359307359
0.363636364
0.367965368
0.372294372
0.376623377
0.380952381
0.385281385
0.38961039
0.393939394
0.398268398
0.402597403
0.406926407
0.411255411
0.415584416
0.41991342
0.424242424
0.428571429
0.432900433
0.437229437
0.441558442
0.445887446
0.45021645
0.454545455
0.458874459
0.463203463
0.467532468
0.471861472
0.476190476
0.480519481
0.484848485
0.489177489
0.493506494
0.497835498
0.502164502
0.506493506
0.510822511
0.515151515
0.519480519
0.523809524
0.528138528
0.532467532
0.536796537
0.541125541
0.545454545
0.54978355
0.554112554
0.558441558
0.562770563
0.567099567
0.571428571
0.575757576
0.58008658
0.584415584
0.588744589
0.593073593
0.597402597
0.601731602
0.606060606
0.61038961
0.614718615
0.619047619
0.623376623
0.627705628
0.632034632
0.636363636
0.640692641
0.645021645
0.649350649
0.653679654
0.658008658
0.662337662
0.666666667
0.670995671
0.675324675
0.67965368
0.683982684
0.688311688
0.692640693
0.696969697
0.701298701
0.705627706
0.70995671
0.714285714
0.718614719
0.722943723
0.727272727
0.731601732
0.735930736
0.74025974
0.744588745
0.748917749
0.753246753
0.757575758
0.761904762
0.766233766
0.770562771
0.774891775
0.779220779
0.783549784
0.787878788
0.792207792
0.796536797
0.800865801
0.805194805
0.80952381
0.813852814
0.818181818
0.822510823
0.826839827
0.831168831
0.835497835
0.83982684
0.844155844
0.848484848
0.852813853
0.857142857
0.861471861
0.865800866
0.87012987
0.874458874
0.878787879
0.883116883
0.887445887
0.891774892
0.896103896
0.9004329
0.904761905
0.909090909
0.913419913
0.917748918
0.922077922
0.926406926
0.930735931
0.935064935
0.939393939
0.943722944
0.948051948
0.952380952
0.956709957
0.961038961
0.965367965
0.96969697
0.974025974
0.978354978
0.982683983
0.987012987
0.991341991
0.995670996
1
