2144
2405
3262
3657
4422
4817
5188
5476
5681
5957
7042
7160
7323
7602
7822
7841
8304
8373
8530
8561
8769
8961
8902
8936
10456
9144
9195
9329
9378
8963
2806
3235
4298
4976
6048
6534
6997
7381
7649
8049
9623
9827
10224
10488
10818
11062
11381
11560
11733
11814
11976
12207
12538
12583
12547
12981
13101
13205
13214
12541
3536
4228
5786
6899
8644
9353
9723
10317
10733
11332
14003
14450
14717
15029
15566
15856
16432
17121
17379
17216
17589
17845
18155
18530
18719
19088
19183
19498
19411
18238
592
710
942
1064
1313
1467
1572
1580
1622
1667
2093
2105
2141
2290
2522
2707
2826
2901
2977
2886
2975
3121
3153
3204
3212
3358
3105
3332
3401
3214
