0.074
0.08
0.083
0.09
0.106
0.115
0.123
0.13
0.135
0.14
0.14
0.143
0.151
0.152
0.157
0.157
0.166
0.168
0.172
0.168
0.18
0.178
0.175
0.173
0.204
0.181
0.175
0.18
0.186
0.178
0.084
0.098
0.105
0.118
0.139
0.153
0.161
0.173
0.176
0.185
0.193
0.197
0.203
0.208
0.217
0.221
0.226
0.229
0.233
0.232
0.238
0.234
0.242
0.241
0.24
0.246
0.251
0.253
0.253
0.238
0.097
0.119
0.128
0.149
0.186
0.203
0.217
0.231
0.240
0.251
0.275
0.284
0.289
0.296
0.306
0.312
0.320
0.334
0.336
0.336
0.337
0.339
0.345
0.349
0.355
0.362
0.364
0.370
0.365
0.346
0.061
0.043
0.049
0.046
0.054
0.052
0.053
0.055
0.053
0.057
0.06
0.059
0.059
0.059
0.062
0.067
0.067
0.071
0.071
0.07
0.071
0.075
0.075
0.072
0.079
0.079
0.072
0.078
0.081
0.079
