0.35078534
0.37037037
0.370892019
0.402777778
0.439814815
0.465116279
0.466981132
0.481132075
0.485849057
0.497652582
0.508849558
0.513274336
0.513274336
0.517699115
0.522123894
0.522123894
0.528634361
0.533039648
0.535087719
0.533039648
0.528384279
0.530434783
0.534782609
0.528138528
0.534782609
0.534782609
0.534782609
0.534782609
0.532467532
0.52173913
0.316939891
0.335164835
0.339901478
0.368932039
0.387559809
0.410628019
0.416267943
0.429951691
0.425837321
0.435406699
0.446428571
0.446428571
0.448888889
0.453333333
0.455357143
0.464285714
0.466666667
0.466666667
0.471111111
0.473451327
0.471111111
0.467248908
0.473684211
0.475982533
0.471615721
0.469565217
0.475982533
0.475982533
0.471615721
0.456521739
0.292397661
0.310344828
0.306532663
0.331683168
0.351219512
0.36097561
0.373786408
0.388349515
0.393203883
0.396135266
0.395555556
0.401785714
0.407239819
0.40625
0.410714286
0.401785714
0.410714286
0.415178571
0.417040359
0.415929204
0.425339367
0.417777778
0.420353982
0.416666667
0.440528634
0.422222222
0.413043478
0.412280702
0.417777778
0.404444444
0.292929293
0.263565891
0.28057554
0.274509804
0.299363057
0.295857988
0.302325581
0.305882353
0.308571429
0.321637427
0.336898396
0.321052632
0.329842932
0.323232323
0.326732673
0.331683168
0.330097087
0.334975369
0.341463415
0.338235294
0.336585366
0.343137255
0.336585366
0.33490566
0.346534653
0.342995169
0.331730769
0.338164251
0.330097087
0.321782178
