0.004444444
0.008888889
0.013333333
0.017777778
0.022222222
0.026666667
0.031111111
0.035555556
0.04
0.044444444
0.048888889
0.053333333
0.057777778
0.062222222
0.066666667
0.071111111
0.075555556
0.08
0.084444444
0.088888889
0.093333333
0.097777778
0.102222222
0.106666667
0.111111111
0.115555556
0.12
0.124444444
0.128888889
0.133333333
0.137777778
0.142222222
0.146666667
0.151111111
0.155555556
0.16
0.164444444
0.168888889
0.173333333
0.177777778
0.182222222
0.186666667
0.191111111
0.195555556
0.2
0.204444444
0.208888889
0.213333333
0.217777778
0.222222222
0.226666667
0.231111111
0.235555556
0.24
0.244444444
0.248888889
0.253333333
0.257777778
0.262222222
0.266666667
0.271111111
0.275555556
0.28
0.284444444
0.288888889
0.293333333
0.297777778
0.302222222
0.306666667
0.311111111
0.315555556
0.32
0.324444444
0.328888889
0.333333333
0.337777778
0.342222222
0.346666667
0.351111111
0.355555556
0.36
0.364444444
0.368888889
0.373333333
0.377777778
0.382222222
0.386666667
0.391111111
0.395555556
0.4
0.404444444
0.408888889
0.413333333
0.417777778
0.422222222
0.426666667
0.431111111
0.435555556
0.44
0.444444444
0.448888889
0.453333333
0.457777778
0.462222222
0.466666667
0.471111111
0.475555556
0.48
0.484444444
0.488888889
0.493333333
0.497777778
0.502222222
0.506666667
0.511111111
0.515555556
0.52
0.524444444
0.528888889
0.533333333
0.537777778
0.542222222
0.546666667
0.551111111
0.555555556
0.56
0.564444444
0.568888889
0.573333333
0.577777778
0.582222222
0.586666667
0.591111111
0.595555556
0.6
0.604444444
0.608888889
0.613333333
0.617777778
0.622222222
0.626666667
0.631111111
0.635555556
0.64
0.644444444
0.648888889
0.653333333
0.657777778
0.662222222
0.666666667
0.671111111
0.675555556
0.68
0.684444444
0.688888889
0.693333333
0.697777778
0.702222222
0.706666667
0.711111111
0.715555556
0.72
0.724444444
0.728888889
0.733333333
0.737777778
0.742222222
0.746666667
0.751111111
0.755555556
0.76
0.764444444
0.768888889
0.773333333
0.777777778
0.782222222
0.786666667
0.791111111
0.795555556
0.8
0.804444444
0.808888889
0.813333333
0.817777778
0.822222222
0.826666667
0.831111111
0.835555556
0.84
0.844444444
0.848888889
0.853333333
0.857777778
0.862222222
0.866666667
0.871111111
0.875555556
0.88
0.884444444
0.888888889
0.893333333
0.897777778
0.902222222
0.906666667
0.911111111
0.915555556
0.92
0.924444444
0.928888889
0.933333333
0.937777778
0.942222222
0.946666667
0.951111111
0.955555556
0.96
0.964444444
0.968888889
0.973333333
0.977777778
0.982222222
0.986666667
0.991111111
0.995555556
1
0.004347826
0.008695652
0.013043478
0.017391304
0.02173913
0.026086957
0.030434783
0.034782609
0.039130435
0.043478261
0.047826087
0.052173913
0.056521739
0.060869565
0.065217391
0.069565217
0.073913043
0.07826087
0.082608696
0.086956522
0.091304348
0.095652174
0.1
0.104347826
0.108695652
0.113043478
0.117391304
0.12173913
0.126086957
0.130434783
0.134782609
0.139130435
0.143478261
0.147826087
0.152173913
0.156521739
0.160869565
0.165217391
0.169565217
0.173913043
0.17826087
0.182608696
0.186956522
0.191304348
0.195652174
0.2
0.204347826
0.208695652
0.213043478
0.217391304
0.22173913
0.226086957
0.230434783
0.234782609
0.239130435
0.243478261
0.247826087
0.252173913
0.256521739
0.260869565
0.265217391
0.269565217
0.273913043
0.27826087
0.282608696
0.286956522
0.291304348
0.295652174
0.3
0.304347826
0.308695652
0.313043478
0.317391304
0.32173913
0.326086957
0.330434783
0.334782609
0.339130435
0.343478261
0.347826087
0.352173913
0.356521739
0.360869565
0.365217391
0.369565217
0.373913043
0.37826087
0.382608696
0.386956522
0.391304348
0.395652174
0.4
0.404347826
0.408695652
0.413043478
0.417391304
0.42173913
0.426086957
0.430434783
0.434782609
0.439130435
0.443478261
0.447826087
0.452173913
0.456521739
0.460869565
0.465217391
0.469565217
0.473913043
0.47826087
0.482608696
0.486956522
0.491304348
0.495652174
0.5
0.504347826
0.508695652
0.513043478
0.517391304
0.52173913
0.526086957
0.530434783
0.534782609
0.539130435
0.543478261
0.547826087
0.552173913
0.556521739
0.560869565
0.565217391
0.569565217
0.573913043
0.57826087
0.582608696
0.586956522
0.591304348
0.595652174
0.6
0.604347826
0.608695652
0.613043478
0.617391304
0.62173913
0.626086957
0.630434783
0.634782609
0.639130435
0.643478261
0.647826087
0.652173913
0.656521739
0.660869565
0.665217391
0.669565217
0.673913043
0.67826087
0.682608696
0.686956522
0.691304348
0.695652174
0.7
0.704347826
0.708695652
0.713043478
0.717391304
0.72173913
0.726086957
0.730434783
0.734782609
0.739130435
0.743478261
0.747826087
0.752173913
0.756521739
0.760869565
0.765217391
0.769565217
0.773913043
0.77826087
0.782608696
0.786956522
0.791304348
0.795652174
0.8
0.804347826
0.808695652
0.813043478
0.817391304
0.82173913
0.826086957
0.830434783
0.834782609
0.839130435
0.843478261
0.847826087
0.852173913
0.856521739
0.860869565
0.865217391
0.869565217
0.873913043
0.87826087
0.882608696
0.886956522
0.891304348
0.895652174
0.9
0.904347826
0.908695652
0.913043478
0.917391304
0.92173913
0.926086957
0.930434783
0.934782609
0.939130435
0.943478261
0.947826087
0.952173913
0.956521739
0.960869565
0.965217391
0.969565217
0.973913043
0.97826087
0.982608696
0.986956522
0.991304348
0.995652174
1
0.004347826
0.008695652
0.013043478
0.017391304
0.02173913
0.026086957
0.030434783
0.034782609
0.039130435
0.043478261
0.047826087
0.052173913
0.056521739
0.060869565
0.065217391
0.069565217
0.073913043
0.07826087
0.082608696
0.086956522
0.091304348
0.095652174
0.1
0.104347826
0.108695652
0.113043478
0.117391304
0.12173913
0.126086957
0.130434783
0.134782609
0.139130435
0.143478261
0.147826087
0.152173913
0.156521739
0.160869565
0.165217391
0.169565217
0.173913043
0.17826087
0.182608696
0.186956522
0.191304348
0.195652174
0.2
0.204347826
0.208695652
0.213043478
0.217391304
0.22173913
0.226086957
0.230434783
0.234782609
0.239130435
0.243478261
0.247826087
0.252173913
0.256521739
0.260869565
0.265217391
0.269565217
0.273913043
0.27826087
0.282608696
0.286956522
0.291304348
0.295652174
0.3
0.304347826
0.308695652
0.313043478
0.317391304
0.32173913
0.326086957
0.330434783
0.334782609
0.339130435
0.343478261
0.347826087
0.352173913
0.356521739
0.360869565
0.365217391
0.369565217
0.373913043
0.37826087
0.382608696
0.386956522
0.391304348
0.395652174
0.4
0.404347826
0.408695652
0.413043478
0.417391304
0.42173913
0.426086957
0.430434783
0.434782609
0.439130435
0.443478261
0.447826087
0.452173913
0.456521739
0.460869565
0.465217391
0.469565217
0.473913043
0.47826087
0.482608696
0.486956522
0.491304348
0.495652174
0.5
0.504347826
0.508695652
0.513043478
0.517391304
0.52173913
0.526086957
0.530434783
0.534782609
0.539130435
0.543478261
0.547826087
0.552173913
0.556521739
0.560869565
0.565217391
0.569565217
0.573913043
0.57826087
0.582608696
0.586956522
0.591304348
0.595652174
0.6
0.604347826
0.608695652
0.613043478
0.617391304
0.62173913
0.626086957
0.630434783
0.634782609
0.639130435
0.643478261
0.647826087
0.652173913
0.656521739
0.660869565
0.665217391
0.669565217
0.673913043
0.67826087
0.682608696
0.686956522
0.691304348
0.695652174
0.7
0.704347826
0.708695652
0.713043478
0.717391304
0.72173913
0.726086957
0.730434783
0.734782609
0.739130435
0.743478261
0.747826087
0.752173913
0.756521739
0.760869565
0.765217391
0.769565217
0.773913043
0.77826087
0.782608696
0.786956522
0.791304348
0.795652174
0.8
0.804347826
0.808695652
0.813043478
0.817391304
0.82173913
0.826086957
0.830434783
0.834782609
0.839130435
0.843478261
0.847826087
0.852173913
0.856521739
0.860869565
0.865217391
0.869565217
0.873913043
0.87826087
0.882608696
0.886956522
0.891304348
0.895652174
0.9
0.904347826
0.908695652
0.913043478
0.917391304
0.92173913
0.926086957
0.930434783
0.934782609
0.939130435
0.943478261
0.947826087
0.952173913
0.956521739
0.960869565
0.965217391
0.969565217
0.973913043
0.97826087
0.982608696
0.986956522
0.991304348
0.995652174
1
0.004950495
0.00990099
0.014851485
0.01980198
0.024752475
0.02970297
0.034653465
0.03960396
0.044554455
0.04950495
0.054455446
0.059405941
0.064356436
0.069306931
0.074257426
0.079207921
0.084158416
0.089108911
0.094059406
0.099009901
0.103960396
0.108910891
0.113861386
0.118811881
0.123762376
0.128712871
0.133663366
0.138613861
0.143564356
0.148514851
0.153465347
0.158415842
0.163366337
0.168316832
0.173267327
0.178217822
0.183168317
0.188118812
0.193069307
0.198019802
0.202970297
0.207920792
0.212871287
0.217821782
0.222772277
0.227722772
0.232673267
0.237623762
0.242574257
0.247524752
0.252475248
0.257425743
0.262376238
0.267326733
0.272277228
0.277227723
0.282178218
0.287128713
0.292079208
0.297029703
0.301980198
0.306930693
0.311881188
0.316831683
0.321782178
0.326732673
0.331683168
0.336633663
0.341584158
0.346534653
0.351485149
0.356435644
0.361386139
0.366336634
0.371287129
0.376237624
0.381188119
0.386138614
0.391089109
0.396039604
0.400990099
0.405940594
0.410891089
0.415841584
0.420792079
0.425742574
0.430693069
0.435643564
0.440594059
0.445544554
0.45049505
0.455445545
0.46039604
0.465346535
0.47029703
0.475247525
0.48019802
0.485148515
0.49009901
0.495049505
0.5
0.504950495
0.50990099
0.514851485
0.51980198
0.524752475
0.52970297
0.534653465
0.53960396
0.544554455
0.54950495
0.554455446
0.559405941
0.564356436
0.569306931
0.574257426
0.579207921
0.584158416
0.589108911
0.594059406
0.599009901
0.603960396
0.608910891
0.613861386
0.618811881
0.623762376
0.628712871
0.633663366
0.638613861
0.643564356
0.648514851
0.653465347
0.658415842
0.663366337
0.668316832
0.673267327
0.678217822
0.683168317
0.688118812
0.693069307
0.698019802
0.702970297
0.707920792
0.712871287
0.717821782
0.722772277
0.727722772
0.732673267
0.737623762
0.742574257
0.747524752
0.752475248
0.757425743
0.762376238
0.767326733
0.772277228
0.777227723
0.782178218
0.787128713
0.792079208
0.797029703
0.801980198
0.806930693
0.811881188
0.816831683
0.821782178
0.826732673
0.831683168
0.836633663
0.841584158
0.846534653
0.851485149
0.856435644
0.861386139
0.866336634
0.871287129
0.876237624
0.881188119
0.886138614
0.891089109
0.896039604
0.900990099
0.905940594
0.910891089
0.915841584
0.920792079
0.925742574
0.930693069
0.935643564
0.940594059
0.945544554
0.95049505
0.955445545
0.96039604
0.965346535
0.97029703
0.975247525
0.98019802
0.985148515
0.99009901
0.995049505
1
