2.275
2.248
2.232
2.182
2.14
2.156
2.108
2.094
2.084
2.057
2.052
2.062
2.002
2.034
2.016
1.992
2.012
1.998
1.986
1.98
1.971
1.936
1.984
2.004
1.889
1.943
1.989
1.968
1.951
1.939
2.111
2.108
2.108
2.067
2.028
2.006
1.967
1.939
1.942
1.923
1.917
1.904
1.878
1.877
1.865
1.844
1.853
1.845
1.841
1.832
1.825
1.833
1.808
1.815
1.832
1.808
1.799
1.796
1.787
1.808
2.009
1.988
1.977
1.932
1.876
1.848
1.83
1.81
1.795
1.78
1.751
1.737
1.732
1.716
1.711
1.702
1.689
1.674
1.671
1.676
1.678
1.676
1.668
1.659
1.654
1.642
1.642
1.635
1.639
1.66
2.42
2.382
2.423
2.397
2.388
2.421
2.44
2.34
2.412
2.412
2.394
2.406
2.421
2.376
2.411
2.361
2.329
2.328
2.323
2.278
2.326
2.281
2.221
2.281
2.245
2.212
2.276
2.229
2.276
2.288
