0.25543163759
0.35498854169
0.48761239582 
0.61531235110 
0.87041984097 
1.01579511746 
1.13265506146 
1.25614206758 
1.37902945819 
1.46123211679 
1.59901475320 
1.65266688224 
1.80386117569 
1.91132878277 
3.04602347924 
2.15481211284 
2.25372884291 
2.39346615171 
2.24184892570 
2.25643021752 
2.57992404003 
2.62704199764 
2.71741743726 
2.83386051307 
2.86125697307 
2.94592855220 
3.09425333682 
3.22660366025 
3.42567986734 
3.48025824854 
0.08858066737 
0.11504376616 
0.15491272773 
0.34032574208 
0.43364171406 
0.50740811696 
0.58793488420 
0.61800673753 
0.68665349358 
0.69167550097 
0.80244150873 
0.78109215147 
0.72449527121 
0.79499665859 
2.30035359012 
0.82246468933 
0.82879076604 
0.81497584942 
0.84702574719 
0.75706672953 
0.99379718152 
0.95753085905 
0.98424774629 
1.02450205681 
1.04042357624 
1.05572983388 
1.12991636028 
1.18193886202 
1.20492856519 
1.25095154510 
0.05278230806 
0.09130106600 
0.12785541024 
0.22813182136 
0.30985910158 
0.37236801737 
0.47740109203 
0.50355772144 
2.76170696758 
0.72142781969 
0.68524708352 
0.68061032033 
0.64114559159 
0.65869281876 
12.71877614554 
0.91238316232 
0.80566347925 
0.96261817039 
0.96763146382 
0.88336824871 
1.52663092926 
1.41814940954 
1.57703616156 
1.78232754737 
1.07612245510 
1.56321184325 
1.14916368612 
1.21755814229 
1.75826761184 
1.91227845871 
0.00682292030 
0.01108480414 
0.01789114961 
0.02658379015 
0.03937094181 
0.04601318673 
0.04178402570 
0.04880273941 
0.05279706179 
0.06529558804 
0.07409253021 
0.07735457499 
0.08436597913 
0.10460631395 
0.14162713084 
0.15249471711 
0.18161949718 
0.19452535736 
0.20364134627 
0.22625277777 
0.25322623406 
0.26562314511 
0.27074035899 
0.25763273270 
0.27402767920 
0.25254329050 
0.25323878813 
0.23088899268 
0.16480365934 
0.14757909799 
