0.69
0.71
0.727
0.737
0.744
0.727
0.707
0.708
0.705
0.711
0.672
0.677
0.707
0.701
0.712
0.703
0.707
0.701
0.715
0.702
0.712
0.722
0.721
0.711
0.725
0.725
0.702
0.722
0.745
0.759
0.802
0.759
0.749
0.745
0.735
0.711
0.706
0.701
0.692
0.7
0.67
0.682
0.685
0.669
0.694
0.682
0.684
0.68
0.672
0.671
0.675
0.682
0.689
0.685
0.69
0.69
0.695
0.705
0.71
0.732
0.802
0.785
0.789
0.779
0.744
0.714
0.716
0.698
0.694
0.702
0.687
0.688
0.691
0.694
0.699
0.696
0.699
0.698
0.695
0.697
0.697
0.7
0.712
0.715
0.716
0.725
0.73
0.733
0.733
0.755
0.354
0.401
0.478
0.524
0.492
0.476
0.499
0.543
0.528
0.492
0.53
0.513
0.511
0.506
0.518
0.533
0.529
0.542
0.545
0.534
0.519
0.558
0.559
0.539
0.539
0.59
0.546
0.576
0.545
0.525
