0.016902823
0.033024657
0.049146491
0.064654692
0.079828183
0.094945889
0.110063595
0.125069731
0.139685373
0.154189445
0.168526163
0.182137677
0.195693406
0.209249135
0.222581725
0.235579605
0.2485217
0.261296441
0.273736472
0.286064934
0.298281825
0.310331362
0.322101975
0.333705233
0.345196921
0.356409684
0.367566663
0.378667857
0.389769051
0.40070289
0.411525159
0.421956934
0.432221354
0.44231842
0.452303916
0.461731563
0.47104764
0.480307933
0.489345085
0.498214883
0.507028897
0.515787125
0.524377998
0.532634163
0.540890327
0.548923352
0.556900591
0.564822046
0.572520361
0.579381903
0.586243445
0.592993417
0.599687605
0.606381792
0.613075979
0.619770166
0.626408569
0.632991186
0.639518019
0.645989066
0.652125404
0.658205958
0.664286511
0.67031128
0.676336048
0.681858753
0.687381457
0.692848377
0.698203726
0.703447506
0.708635502
0.713767712
0.718844137
0.723920562
0.728996988
0.734017628
0.739038268
0.743891554
0.74874484
0.753542341
0.758339842
0.762969988
0.767544349
0.772062925
0.776414147
0.780653799
0.784726096
0.788798393
0.792870691
0.796831418
0.800736361
0.804585518
0.808323106
0.811949124
0.815575142
0.819145375
0.822548254
0.825895348
0.829130871
0.832254825
0.835378779
0.838502733
0.841570903
0.844471717
0.847372532
0.850217561
0.853062591
0.855851835
0.85864108
0.86137454
0.864108
0.866841459
0.869519134
0.872196809
0.874818699
0.877440589
0.880006694
0.882517014
0.885027335
0.887537655
0.88999219
0.892390941
0.894789691
0.897188441
0.899587192
0.901930157
0.904273123
0.906616088
0.908959054
0.911246235
0.913533415
0.915653241
0.917773067
0.919892893
0.922012719
0.92407676
0.926085016
0.928037487
0.929989959
0.93194243
0.933839116
0.935624233
0.93740935
0.939194466
0.940979583
0.942708914
0.944438246
0.946111793
0.94767377
0.949235747
0.950797724
0.952303916
0.953754323
0.955204731
0.956655138
0.95804976
0.959444382
0.96078322
0.962122057
0.963460895
0.964799732
0.966027
0.967198483
0.968369965
0.969541448
0.970712931
0.971828629
0.972888542
0.973948455
0.975008368
0.975956711
0.976905054
0.977797612
0.978690171
0.979471159
0.980252148
0.981033136
0.981814125
0.982595113
0.983376102
0.984101305
0.984826509
0.985551713
0.986276916
0.98700212
0.987671539
0.988340957
0.988954591
0.98951244
0.990070289
0.990572353
0.991074417
0.991520696
0.991966975
0.992413254
0.992803749
0.993194243
0.993584737
0.993975232
0.994309941
0.99464465
0.99497936
0.995314069
0.995648778
0.995983488
0.996318197
0.996652906
0.996987616
0.99726654
0.99748968
0.997712819
0.997935959
0.998159099
0.998382238
0.998605378
0.998828517
0.999051657
0.999219011
0.999386366
0.999553721
0.999665291
0.99977686
0.99988843
0.999944215
1
0.014033969
0.027828722
0.04138426
0.054660713
0.067857428
0.080615581
0.09305478
0.105374372
0.117534487
0.129694602
0.141735109
0.153735747
0.165497169
0.177258592
0.188980145
0.200502352
0.211865083
0.223108205
0.234351328
0.24559445
0.256638227
0.267562395
0.278008133
0.288334264
0.298540786
0.30866757
0.318674747
0.328562316
0.337851846
0.346981899
0.356072084
0.365122399
0.374092975
0.383023682
0.391834782
0.400606012
0.409297504
0.417909258
0.426481142
0.434973288
0.443385695
0.451798102
0.460090902
0.468224225
0.476317678
0.484371262
0.492424847
0.500239215
0.508013715
0.515628738
0.523124153
0.530539829
0.537676421
0.544813013
0.551750259
0.55844829
0.564827366
0.571166574
0.577465912
0.583725381
0.58994498
0.59616458
0.602304441
0.608284826
0.614065864
0.619807033
0.625508333
0.631090025
0.63651224
0.641894586
0.647237062
0.65253967
0.657762539
0.662945539
0.668128538
0.673311538
0.678454669
0.68355793
0.688661191
0.693764453
0.698827845
0.703851368
0.708835021
0.713659198
0.718483375
0.723267682
0.72801212
0.732756558
0.737500997
0.742205566
0.746910135
0.751574835
0.756119927
0.760665019
0.765050634
0.769236903
0.773303564
0.77717088
0.780998325
0.784825771
0.788653217
0.792361056
0.796068894
0.799776732
0.803444701
0.806833586
0.810062993
0.813292401
0.816481939
0.819591739
0.822701539
0.825811339
0.8288414
0.831831592
0.834821785
0.837732238
0.840562954
0.843393669
0.846144646
0.848895622
0.851646599
0.854397576
0.857148553
0.859819791
0.862491029
0.865122399
0.867674029
0.87022566
0.87277729
0.875289052
0.877800813
0.880312575
0.882784467
0.885256359
0.887728251
0.890160274
0.892592297
0.89502432
0.897456343
0.899848497
0.902200781
0.904553066
0.90690535
0.909257635
0.911530181
0.913722989
0.915915796
0.918068735
0.920141934
0.922215134
0.924288334
0.926321665
0.928315126
0.930268719
0.932182442
0.934016426
0.935850411
0.937684395
0.93947851
0.941272626
0.942987003
0.944701379
0.946375887
0.948010525
0.949645164
0.951239933
0.952794833
0.954309864
0.955824894
0.957339925
0.958815087
0.960290248
0.961765409
0.963160832
0.964516386
0.965832071
0.967147755
0.96846344
0.969739255
0.971015071
0.972251017
0.973486963
0.97468304
0.975799378
0.976875847
0.977952316
0.978949047
0.979905909
0.980822901
0.981700024
0.982537278
0.983334662
0.984132047
0.984929431
0.985726816
0.986484331
0.987201978
0.987879754
0.988517662
0.98915557
0.989753608
0.990311777
0.990869947
0.991428116
0.991986285
0.992504585
0.992983016
0.993461446
0.993900008
0.9942987
0.994697393
0.995096085
0.995494777
0.995893469
0.996252292
0.996611116
0.996969939
0.997328762
0.997687585
0.998006539
0.998325492
0.998644446
0.9989634
0.999242485
0.9994817
0.999641177
0.999760785
0.999880392
0.999960131
1
0.011651497
0.022699857
0.033748218
0.044549841
0.055296633
0.065851519
0.076296743
0.086577476
0.096803378
0.106947034
0.117063274
0.127124685
0.137103849
0.146945937
0.15676061
0.166575282
0.176307709
0.185875644
0.195416164
0.204847023
0.214277881
0.223681325
0.232975107
0.242104397
0.251206273
0.260280733
0.269108455
0.277936177
0.286626823
0.295235223
0.303816208
0.312314947
0.320621779
0.328791534
0.33696129
0.345131045
0.353218555
0.361004496
0.368598531
0.376192565
0.383704354
0.391106481
0.398481193
0.405855905
0.41298388
0.420084439
0.427102752
0.434093651
0.441002303
0.447801294
0.45457287
0.461152539
0.467732207
0.47422963
0.480727053
0.487142231
0.493475162
0.499725847
0.505976533
0.512227218
0.518395657
0.524564097
0.530705121
0.53681873
0.542877508
0.548908872
0.554940235
0.560944182
0.5668933
0.572815002
0.578709288
0.584521329
0.590305955
0.59603575
0.601738129
0.607276017
0.61278649
0.618296962
0.623807435
0.629290492
0.634746134
0.640146946
0.645520342
0.650756662
0.655992982
0.661092225
0.666081807
0.671071389
0.675978726
0.680831231
0.685601491
0.690371751
0.695114596
0.699720364
0.704243886
0.708739993
0.713153855
0.7175403
0.7218445
0.726121285
0.730151332
0.73418138
0.738184011
0.742186643
0.746189275
0.750109661
0.754030047
0.757923018
0.761788573
0.765654129
0.769492269
0.773275578
0.777058888
0.780814782
0.784488431
0.788107249
0.791726066
0.795344884
0.798881456
0.802363198
0.805844939
0.809299265
0.812698761
0.816098256
0.819442921
0.822760171
0.826050005
0.82933984
0.832602259
0.835837263
0.839044851
0.84225244
0.845432613
0.848585371
0.851738129
0.854890887
0.857988815
0.861059327
0.864047593
0.866981029
0.869914464
0.872765654
0.875589429
0.878330957
0.881045071
0.883759184
0.886445882
0.889105165
0.891709617
0.894204408
0.896644369
0.899084329
0.90152429
0.903936835
0.90634938
0.90873451
0.91111964
0.91344994
0.915780239
0.918000877
0.920221516
0.922359908
0.92444347
0.926527031
0.928583178
0.930611909
0.932530979
0.934422634
0.936314289
0.938205944
0.940070183
0.941934423
0.943716416
0.945416164
0.947088497
0.948760829
0.950433162
0.952078079
0.953695581
0.955258252
0.956793508
0.958328764
0.95986402
0.961399276
0.962879702
0.964332712
0.965785722
0.967211317
0.968582081
0.969952846
0.971268779
0.972557298
0.973845816
0.975134335
0.976422853
0.97754688
0.978616076
0.979657857
0.980672223
0.981686588
0.982700954
0.98371532
0.984674855
0.985606974
0.986456848
0.987306722
0.988101766
0.988869394
0.989609606
0.990322404
0.991035201
0.991747999
0.992433381
0.993118763
0.993749315
0.99429762
0.994845926
0.995394232
0.995887707
0.996381182
0.996874657
0.997368132
0.997834192
0.998272837
0.998684066
0.99906788
0.999424279
0.999725847
0.999862924
1
0.031425016
0.061294337
0.086963286
0.110609832
0.133478531
0.155724953
0.177815806
0.199906658
0.220286248
0.240510268
0.258400747
0.275513379
0.292626011
0.309738643
0.326228998
0.342097075
0.357187306
0.371810828
0.38627878
0.400746733
0.414747978
0.427504667
0.439950218
0.45208463
0.464063472
0.476042315
0.487710019
0.499377722
0.510889857
0.522401991
0.533602987
0.544648413
0.555693839
0.566428127
0.576695706
0.586963286
0.597075296
0.607031736
0.616988177
0.626789048
0.63627878
0.645457374
0.654480398
0.663347853
0.672215308
0.680927194
0.689639079
0.697728687
0.705662726
0.713130056
0.720130678
0.726975731
0.733665215
0.740354698
0.746888612
0.753266957
0.759645302
0.765556938
0.771468575
0.777224642
0.782980709
0.788270068
0.793559428
0.798848787
0.804138146
0.808960797
0.813783447
0.818450529
0.822962041
0.827473553
0.831985065
0.836496577
0.840696951
0.844586185
0.84847542
0.852209085
0.85594275
0.859676416
0.863254512
0.866832607
0.870255134
0.87367766
0.877100187
0.880367144
0.883478531
0.886589919
0.889545737
0.892501556
0.895301805
0.898102054
0.900902302
0.903702551
0.906347231
0.90899191
0.911481021
0.913814561
0.916148102
0.918481643
0.920659614
0.922837586
0.925015557
0.927037959
0.929060361
0.931082763
0.933105165
0.934971998
0.93683883
0.938550093
0.940261357
0.94197262
0.943528314
0.945084007
0.946484132
0.947884256
0.949284381
0.950684505
0.95208463
0.953484754
0.954884879
0.956285003
0.957529558
0.958774113
0.960018668
0.961263223
0.962507778
0.963752334
0.964996889
0.966085874
0.96717486
0.968263846
0.969197262
0.970130678
0.971064095
0.971997511
0.972930927
0.973864343
0.97464219
0.975420037
0.976197884
0.976975731
0.977753578
0.978531425
0.979309272
0.980087119
0.980864966
0.981642813
0.98226509
0.982887368
0.983509645
0.984131923
0.9847542
0.985376478
0.985998755
0.986621033
0.987243311
0.987710019
0.988176727
0.988643435
0.989110143
0.989576851
0.990043559
0.990510268
0.990976976
0.991443684
0.991910392
0.9923771
0.992688239
0.992999378
0.993310516
0.993621655
0.993932794
0.994243933
0.994555072
0.99486621
0.995177349
0.995488488
0.995799627
0.996110765
0.996421904
0.996577474
0.996733043
0.996888612
0.997044182
0.997199751
0.99735532
0.99751089
0.997666459
0.997822029
0.997977598
0.998133167
0.998288737
0.998444306
0.998599876
0.998755445
0.998911014
0.999066584
0.999222153
0.999377722
0.999533292
0.999688861
0.999844431
1
