4
2
1
1
1
1
1
1
1
1
1
1
1
1
2
1
1
1
1
1
1
1
1
1
1
1
1
1
1
1
11
11
11
13
5
6
8
6
9
8
7
7
7
6
9
8
6
6
5
5
7
8
10
11
10
11
9
10
12
2
3
1
2
2
2
2
2
2
2
2
2
2
2
2
3
3
3
3
3
2
2
3
2
2
3
3
2
3
3
3
1
3
3
3
3
3
3
3
5
3
3
3
3
3
7
4
2
2
2
3
4
2
3
3
2
2
3
2
2
4
24
23
25
23
25
29
27
27
28
26
22
24
23
20
19
21
21
22
19
18
9
5
5
5
11
4
11
11
4
5
48
52
49
47
45
43
34
34
15
31
30
29
25
26
26
23
22
18
17
17
5
4
4
6
7
5
6
6
6
6
300
300
300
300
300
300
300
300
300
300
39
37
34
40
34
32
19
49
47
28
20
20
24
26
37
26
40
37
5
7
21
22
22
22
23
24
19
17
19
18
17
18
15
15
16
13
11
9
9
8
11
10
8
9
4
7
5
4
7
8
7
9
10
11
4
5
4
5
4
4
4
4
4
4
8
5
4
4
4
4
6
6
6
7
5
6
4
5
8
9
8
10
4
5
7
9
10
8
6
11
10
10
10
8
13
10
7
7
7
7
10
7
7
8
6
8
7
7
9
10