19
26
22
5
6
6
6
4
7
4
2
2
4
3
4
1
1
1
1
1
1
1
1
1
1
1
1
1
1
1
1
2
1
2
3
3
3
3
3
3
4
3
2
2
6
2
2
2
2
2
2
2
2
3
2
2
2
2
2
2
4
1
2
3
2
2
2
2
2
2
7
4
3
5
2
3
3
3
3
3
3
3
3
2
3
3
3
3
3
3
2
3
3
1
1
1
1
1
1
1
1
1
1
1
5
4
4
4
4
4
4
4
4
4
4
4
4
4
4
4
5
6
7
10
5
5
5
6
6
7
8
8
5
6
8
5
7
5
5
5
5
5
5
5
5
5
5
5
5
5
10
8
8
14
13
8
9
8
10
8
10
9
9
9
11
8
8
7
7
7
9
7
7
7
7
7
7
7
7
6
25
24
27
27
25
24
22
22
22
18
20
21
17
16
19
19
19
15
10
11
12
8
8
6
6
6
6
6
6
7
15
16
23
26
20
23
20
20
20
21
18
18
19
17
18
17
15
14
13
12
13
10
9
8
8
8
8
8
8
8
3
4
4
4
4
4
4
5
5
6
6
6
7
8
7
6
6
6
6
6
6
6
6
9
9
9
9
9
10
9
18
18
16
7
7
7
8
9
4
5
5
7
6
7
10
7
10
9
8
8
10
9
11
11
10
10
10
10
11
10