1
2
2
2
2
2
2
2
2
3
3
3
3
3
4
3
3
3
3
2
2
2
2
3
3
3
3
3
1
1
3
1
1
1
1
1
1
1
1
1
1
1
1
1
1
1
2
1
1
1
1
1
1
1
1
1
1
1
2
2
10
12
11
6
9
9
10
9
9
9
9
9
8
8
9
7
6
4
4
4
4
4
4
4
4
4
4
4
4
3
4
4
4
4
4
3
3
3
3
2
2
2
2
2
3
2
1
2
2
3
3
3
3
2
2
2
2
2
3
4
7
9
7
7
8
7
7
7
7
6
5
6
6
5
5
5
7
6
5
5
5
6
6
5
6
5
5
5
5
5
5
5
3
3
3
4
4
4
4
5
4
4
5
4
6
4
5
5
7
7
8
9
8
8
8
7
6
7
7
6
8
7
9
8
5
6
5
6
6
7
6
5
4
6
7
6
8
7
6
6
6
5
5
6
7
6
7
6
6
7
12
10
6
10
6
5
6
5
5
4
8
8
9
9
2
10
9
8
8
8
9
7
7
7
5
8
9
8
8
8
25
18
21
20
20
19
17
18
17
19
20
15
15
18
17
20
17
19
27
16
20
20
22
21
21
26
31
21
9
9
15
11
12
14
11
12
11
10
11
10
12
10
11
13
12
12
16
15
12
12
11
11
14
15
15
13
13
13
10
10