2
1
1
1
2
1
1
1
1
1
1
1
1
1
2
1
1
1
1
1
1
1
1
1
1
1
1
1
1
1
13
6
4
10
10
10
10
15
12
15
14
9
10
8
10
6
7
7
7
5
5
5
2
3
2
2
2
2
2
2
10
7
5
5
6
7
7
4
3
4
4
4
4
4
5
4
4
4
4
2
3
3
3
2
3
3
3
3
3
3
1
2
2
3
1
2
2
2
2
2
2
2
2
2
3
2
2
2
2
3
2
2
4
4
4
4
4
4
4
4
8
9
8
7
7
3
3
3
4
3
3
3
3
3
4
3
3
3
3
4
4
4
5
5
5
5
5
5
5
5
25
28
32
16
19
17
23
21
23
24
28
29
26
21
22
16
14
12
12
12
11
10
11
8
8
8
7
7
6
6
5
8
3
2
3
4
4
5
5
5
6
5
5
5
6
5
5
5
5
6
6
6
6
6
6
6
6
6
7
7
4
4
10
9
12
13
13
11
13
12
11
12
9
10
11
10
10
10
9
9
7
7
7
7
7
7
8
8
8
8
31
22
29
22
24
18
17
13
10
10
10
11
11
11
12
11
11
11
11
10
10
9
8
9
9
9
9
10
9
9
7
10
9
8
4
6
5
7
6
6
5
6
6
6
8
7
6
6
6
7
8
8
9
10
10
10
10
9
10
10
