5
2
2
1
1
1
1
1
1
1
1
1
1
1
2
1
1
1
1
1
1
1
1
1
1
1
1
1
1
1
1
1
1
2
2
2
2
2
2
2
2
2
2
2
4
2
2
2
2
2
2
2
2
2
2
2
2
2
2
2
3
3
3
3
6
6
6
5
6
4
4
4
4
4
1
3
4
4
4
4
4
4
4
4
3
4
3
3
3
3
8
13
7
5
3
3
3
3
3
3
3
3
3
3
5
4
3
3
3
3
3
3
3
3
4
3
4
4
4
4
12
5
14
15
18
18
15
23
19
22
36
29
26
25
25
20
16
15
16
10
10
10
9
9
8
8
7
7
5
5
17
9
6
10
9
7
7
6
5
6
6
6
6
6
7
5
6
6
5
6
5
5
6
6
6
6
6
6
6
6
23
23
22
21
23
21
14
12
12
12
12
12
12
12
11
10
7
7
7
7
7
6
5
5
5
5
5
5
7
7
79
56
57
49
48
45
45
41
40
39
27
27
28
26
24
23
22
22
19
15
18
19
19
15
13
12
10
10
10
8
21
16
15
13
11
15
11
11
11
9
9
9
9
9
3
9
9
9
9
8
8
8
8
8
7
7
8
9
8
9
9
12
8
8
4
5
4
4
4
5
5
5
5
5
6
6
5
5
6
5
6
7
7
7
9
9
9
8
9
10