2
2
2
3
2
3
2
2
2
2
5
2
2
2
1
2
2
2
2
2
2
2
2
2
1
1
1
1
1
1
1
1
1
4
3
2
3
3
3
3
2
3
3
3
4
3
4
3
3
3
3
3
3
3
3
2
2
2
2
2
3
4
3
1
1
1
1
1
1
1
1
1
1
1
3
1
1
1
1
1
1
1
1
4
2
3
3
3
3
3
89
58
57
41
42
37
34
31
39
35
19
21
25
16
17
18
17
15
15
15
15
10
6
8
5
5
4
5
5
4
6
7
8
10
4
4
4
4
5
4
3
5
5
4
5
5
3
5
10
4
5
4
5
5
4
4
5
4
4
5
22
6
9
9
11
14
7
15
10
6
10
7
10
9
2
6
6
7
7
9
6
8
4
1
8
7
6
6
6
6
8
8
6
7
5
5
5
5
4
5
4
4
4
5
6
4
5
4
4
5
7
5
7
6
6
6
7
7
7
7
18
22
22
16
23
19
18
13
13
23
17
20
15
12
14
14
13
13
14
13
14
11
10
9
7
8
9
8
9
8
5
3
5
5
7
10
10
8
8
8
11
6
7
7
8
8
9
10
13
11
4
13
13
14
12
12
11
10
11
9
7
9
10
6
6
6
6
6
6
7
6
11
6
6
7
7
15
14
5
7
9
7
9
7
9
9
8
9
8
10