300
300
300
300
300
300
300
300
300
300
36
33
43
40
40
40
39
16
41
40
1
1
1
1
42
1
39
39
1
1
2
1
1
1
1
1
1
1
1
1
1
1
1
1
1
2
1
1
1
1
2
2
2
2
1
2
1
1
2
2
1
2
2
2
2
2
2
2
4
3
3
3
3
2
3
3
3
3
3
3
4
3
3
4
2
3
2
2
3
3
9
6
7
3
3
3
4
3
6
4
2
2
2
3
4
4
2
2
4
4
5
5
5
6
3
4
3
3
4
4
3
5
4
4
5
4
5
4
3
5
4
4
4
4
5
5
4
4
5
5
6
4
4
5
4
5
4
4
5
5
8
7
8
9
4
5
6
5
9
6
5
5
5
5
6
6
5
5
6
6
7
6
7
7
5
6
5
5
6
6
4
3
5
6
7
7
8
7
5
7
6
6
7
7
7
7
7
6
8
8
8
9
8
9
7
7
6
6
7
7
7
4
6
8
9
10
3
6
15
2
7
7
6
6
2
1
6
7
2
2
3
7
6
3
8
8
7
7
8
8
6
8
3
5
6
6
7
8
8
8
9
8
8
8
8
8
8
8
9
9
9
8
9
8
6
9
8
8
9
9
10
12
13
13
11
14
13
11
16
10
11
10
10
10
12
9
10
9
7
7
10
10
10
10
9
10
9
9
10
10