5
2
1
1
1
1
1
1
1
1
1
1
1
1
1
1
1
1
1
1
1
1
1
1
1
1
1
1
2
1
1
3
4
4
5
6
6
7
6
6
6
7
5
6
4
4
4
3
3
3
2
2
2
2
2
2
2
4
4
2
12
7
10
10
15
18
16
14
24
21
20
16
16
15
11
9
9
12
17
12
13
12
10
5
6
7
5
2
1
3
7
8
3
3
4
4
4
4
4
4
5
5
6
3
6
5
3
5
4
6
4
4
3
3
3
3
3
3
5
4
17
23
26
20
24
17
20
20
30
32
37
37
32
26
26
23
27
21
28
34
26
24
24
23
20
22
16
9
7
5
2
1
2
2
2
2
2
2
2
2
2
2
2
2
2
2
2
2
2
2
3
3
4
4
4
4
4
5
6
6
63
60
51
41
63
63
63
40
61
60
38
29
42
28
18
15
18
10
10
7
8
10
14
17
11
11
10
6
10
7
4
4
5
25
23
24
39
32
50
37
29
47
30
31
29
29
29
26
22
23
17
15
11
12
12
15
15
16
8
8
13
12
11
5
8
10
12
8
8
8
8
8
8
8
7
8
8
8
7
5
6
6
6
6
5
5
6
7
9
9
10
10
8
11
9
8
7
6
7
7
7
6
7
7
8
7
7
6
5
4
5
5
5
7
7
8
7
10
13
10